180,12	10,256
180,49	10,256
180,87	10,256
181,25	74,359
181,63	-1533,333
182,01	210,811
182,38	60,000
182,76	-12,195
183,14	47,917
183,52	-165,625
183,89	-12,903
184,27	138,806
184,65	-306,667
185,03	77,320
185,40	39,706
185,78	-225,641
186,16	347,619
186,54	-11,111
186,91	-988,889
187,29	-400,000
187,67	30,769
188,05	79,762
188,42	494,118
188,80	146,667
189,18	-1,195
189,56	3,929
189,93	53,455
190,31	22,650
190,69	-6,855
191,06	-20,982
191,44	4,924
191,82	6,746
192,20	-37,363
192,57	14,789
192,95	5,625
193,33	-21,596
193,70	-4,317
194,08	27,697
194,46	11,502
194,83	0,000
195,21	-11,151
195,59	-56,322
195,96	-21,724
196,34	26,513
196,72	24,625
197,09	26,407
197,47	11,371
197,85	-4,835
198,22	-8,078
198,60	19,420
198,98	15,320
199,35	15,498
199,73	13,523
200,11	9,063
200,48	-3,344
200,86	-12,462
201,24	20,859
201,61	-14,334
201,99	17,711
202,37	16,285
202,74	10,993
203,12	-6,731
203,49	-5,761
203,87	-16,818
204,25	-3,422
204,62	-10,284
205,00	19,420
205,37	-51,087
205,75	-82,418
206,13	56,959
206,50	-36,095
206,88	14,320
207,25	22,022
207,63	-7,493
208,01	6,077
208,38	6,378
208,76	23,322
209,13	11,813
209,51	19,894
209,88	19,565
210,26	-3,937
210,64	16,976
211,01	15,490
211,39	12,188
211,76	-16,414
212,14	15,416
212,51	12,500
212,89	11,799
213,26	16,134
213,64	-16,239
214,02	0,839
214,39	8,578
214,77	-9,211
215,14	0,087
215,52	2,557
215,89	2,283
216,27	4,300
216,64	-5,928
217,02	3,004
217,39	7,086
217,77	-1,549
218,14	-4,456
218,52	4,061
218,89	2,102
219,27	3,663
219,64	0,734
220,02	2,816
220,39	3,118
220,77	4,607
221,14	1,017
221,52	0,444
221,89	1,655
222,27	2,082
222,64	1,670
223,02	-2,432
223,39	0,152
223,77	2,080
224,14	-0,143
224,51	-0,707
224,89	1,513
225,26	0,240
225,64	1,063
226,01	0,780
226,39	1,823
226,76	0,608
227,14	1,870
227,51	0,570
227,88	1,324
228,26	1,541
228,63	-0,728
229,01	0,607
229,38	0,952
229,75	1,388
230,13	0,503
230,50	1,436
230,88	-0,155
231,25	-1,023
231,63	0,542
232,00	1,365
232,37	0,264
232,75	0,409
233,12	1,255
233,49	1,482
233,87	0,211
234,24	0,521
234,62	0,325
234,99	1,453
235,36	0,517
235,74	0,371
236,11	0,792
236,48	0,114
236,86	0,461
237,23	0,243
237,60	0,538
237,98	0,491
238,35	0,749
238,73	0,715
239,10	0,443
239,47	0,925
239,85	0,696
240,22	1,246
240,59	0,363
240,96	0,480
241,34	0,558
241,71	1,046
242,08	0,958
242,46	0,483
242,83	0,400
243,20	0,251
243,58	0,686
243,95	0,398
244,32	0,750
244,70	0,593
245,07	0,275
245,44	0,627
245,81	0,456
246,19	0,495
246,56	0,870
246,93	0,235
247,31	0,916
247,68	0,820
248,05	0,686
248,42	0,179
248,80	0,532
249,17	0,792
249,54	1,062
249,91	0,857
250,29	0,734
250,66	0,332
251,03	0,591
251,40	0,530
251,78	0,575
252,15	0,139
252,52	0,351
252,89	0,552
253,26	0,296
253,64	0,784
254,01	1,176
254,38	0,244
254,75	0,392
255,12	0,489
255,50	0,306
255,87	0,827
256,24	0,640
256,61	0,429
256,98	0,627
257,36	0,432
257,73	0,176
258,10	0,659
258,47	0,341
258,84	0,611
259,22	0,587
259,59	0,363
259,96	0,506
260,33	0,217
260,70	0,103
261,07	0,422
261,45	0,504
261,82	0,593
262,19	0,085
262,56	0,730
262,93	0,033
263,30	0,572
263,67	0,358
264,04	0,374
264,42	0,134
264,79	0,532
265,16	0,601
265,53	0,205
265,90	0,738
266,27	0,406
266,64	0,641
267,01	0,556
267,39	0,311
267,76	0,612
268,13	0,385
268,50	0,623
268,87	0,153
269,24	0,324
269,61	0,428
269,98	0,381
270,35	0,242
270,72	0,391
271,09	0,433
271,46	0,209
271,84	0,454
272,21	0,492
272,58	0,387
272,95	0,568
273,32	0,398
273,69	0,517
274,06	0,350
274,43	0,502
274,80	0,487
275,17	0,276
275,54	0,157
275,91	0,302
276,28	0,245
276,65	0,536
277,02	0,361
277,39	0,285
277,76	0,387
278,13	0,333
278,50	0,268
278,87	0,411
279,24	0,343
279,61	0,511
279,98	-0,067
280,35	0,314
280,72	0,614
281,09	0,449
281,46	0,162
281,83	-0,101
282,20	0,189
282,57	0,376
282,94	0,570
283,31	0,340
283,68	0,275
284,05	0,669
284,42	0,252
284,79	0,304
285,16	0,521
285,53	0,489
285,90	0,435
286,27	0,331
286,64	0,299
287,00	0,439
287,37	0,349
287,74	0,597
288,11	0,296
288,48	0,534
288,85	0,333
289,22	0,334
289,59	0,338
289,96	0,334
290,33	0,380
290,70	0,560
291,07	0,416
291,43	0,134
291,80	0,324
292,17	0,429
292,54	0,477
292,91	0,381
293,28	0,463
293,65	0,143
294,02	0,580
294,38	0,450
294,75	0,371
295,12	0,420
295,49	0,427
295,86	0,186
296,23	0,242
296,60	0,228
296,96	0,266
297,33	0,426
297,70	0,316
298,07	0,524
298,44	0,426
298,81	0,424
299,17	0,255
299,54	0,351
299,91	0,417
300,28	0,339
300,65	0,435
301,02	0,332
301,38	0,183
301,75	0,640
302,12	0,394
302,49	0,287
302,86	0,175
303,22	0,168
303,59	0,606
303,96	0,348
304,33	0,357
304,69	0,243
305,06	0,241
305,43	0,114
305,80	0,210
306,17	0,468
306,53	0,371
306,90	0,369
307,27	0,734
307,64	0,308
308,00	0,260
308,37	0,320
308,74	0,296
309,11	0,283
309,47	0,526
309,84	0,179
310,21	0,354
310,57	0,205
310,94	0,173
311,31	0,485
311,68	0,411
312,04	0,316
312,41	0,046
312,78	0,172
313,14	0,047
313,51	0,332
313,88	0,245
314,25	0,189
314,61	0,482
314,98	0,453
315,35	0,292
315,71	-0,157
316,08	0,240
316,45	0,187
316,81	0,076
317,18	0,892
317,55	0,368
317,91	0,726
318,28	0,346
318,65	0,043
319,01	0,787
319,38	0,480
319,75	0,391
320,11	0,407
320,48	0,583
320,84	0,175
321,21	0,123
321,58	0,311
321,94	0,075
322,31	0,482
322,68	0,395
323,04	0,075
323,41	0,079
323,77	0,233
324,14	0,352
324,51	0,559
324,87	0,550
325,24	0,106
325,60	0,306
325,97	0,441
326,33	0,430
326,70	0,293
327,07	0,297
327,43	0,612
327,80	0,582
328,16	0,674
328,53	0,470
328,89	0,198
329,26	0,414
329,63	0,401
329,99	0,440
330,36	0,463
330,72	0,141
331,09	0,547
331,45	0,381
331,82	0,438
332,18	0,320
332,55	0,195
332,91	0,473
333,28	0,351
333,64	0,169
334,01	0,645
334,37	0,344
334,74	0,270
335,10	0,385
335,47	0,133
335,83	0,386
336,20	0,455
336,56	0,088
336,93	0,570
337,29	0,413
337,66	0,337
338,02	0,739
338,39	0,494
338,75	0,333
339,12	0,284
339,48	0,286
339,85	0,407
340,21	0,576
340,57	0,625
340,94	0,291
341,30	0,491
341,67	0,062
342,03	0,200
342,40	0,209
342,76	0,238
343,13	0,309
343,49	0,263
343,85	0,599
344,22	0,368
344,58	0,522
344,95	0,421
345,31	0,383
345,67	0,551
346,04	0,254
346,40	0,599
346,77	0,350
347,13	0,183
347,49	0,564
347,86	0,292
348,22	0,504
348,58	0,558
348,95	0,481
349,31	0,605
349,68	0,181
350,04	0,322
350,40	0,340
350,77	-0,013
351,13	0,416
351,49	0,442
351,86	0,333
352,22	0,480
352,58	0,154
352,95	0,377
353,31	0,360
353,67	0,481
354,04	0,304
354,40	0,517
354,76	0,351
355,13	0,519
355,49	0,493
355,85	0,139
356,21	0,517
356,58	0,256
356,94	0,489
357,30	0,496
357,67	0,259
358,03	0,365
358,39	0,431
358,75	0,616
359,12	0,503
359,48	0,397
359,84	0,409
360,21	0,583
360,57	0,339
360,93	-0,071
361,29	0,200
361,66	0,629
362,02	0,515
362,38	-0,034
362,74	0,029
363,10	0,447
363,47	0,329
363,83	0,400
364,19	0,629
364,55	0,206
364,92	-0,050
365,28	0,331
365,64	0,138
366,00	0,743
366,36	0,559
366,73	0,349
367,09	0,589
367,45	0,433
367,81	0,519
368,17	0,239
368,54	0,385
368,90	0,207
369,26	0,503
369,62	0,401
369,98	0,384
370,34	0,488
370,71	0,385
371,07	0,647
371,43	0,155
371,79	0,210
372,15	0,148
372,51	0,560
372,87	0,569
373,24	0,354
373,60	0,442
373,96	0,663
374,32	0,470
374,68	0,262
375,04	0,117
375,40	0,203
375,76	0,202
376,12	0,365
376,49	0,222
376,85	0,290
377,21	0,680
377,57	0,569
377,93	0,413
378,29	0,882
378,65	0,773
379,01	0,293
379,37	0,319
379,73	0,338
380,09	0,107
380,45	0,437
380,81	0,522
381,18	0,107
381,54	-0,101
381,90	0,223
382,26	0,563
382,62	0,470
382,98	0,649
383,34	0,424
383,70	0,613
384,06	0,673
384,42	0,695
384,78	0,459
385,14	0,493
385,50	0,166
385,86	0,443
386,22	0,693
386,58	0,231
386,94	0,371
387,30	0,425
387,66	0,529
388,02	0,477
388,38	0,514
388,74	0,803
389,10	0,410
389,46	0,403
389,82	0,438
390,18	0,527
390,54	0,411
390,90	0,505
391,26	0,581
391,62	0,902
391,97	0,681
392,33	0,384
392,69	0,240
393,05	0,803
393,41	0,385
393,77	0,484
394,13	0,311
394,49	0,869
394,85	0,675
395,21	0,616
395,57	0,704
395,93	0,613
396,29	0,633
396,64	0,793
397,00	0,273
397,36	0,188
397,72	0,688
398,08	0,815
398,44	0,878
398,80	0,880
399,16	0,723
399,51	0,611
399,87	0,737
400,23	0,832
400,59	1,124
400,95	0,988
401,31	0,648
401,67	1,255
402,02	0,956
402,38	1,013
402,74	1,107
403,10	1,031
403,46	0,888
403,82	1,021
404,17	0,984
404,53	1,462
404,89	0,919
405,25	0,976
405,61	1,088
405,96	1,064
406,32	1,526
406,68	1,619
407,04	0,940
407,40	1,087
407,75	1,074
408,11	1,323
408,47	0,919
408,83	1,216
409,19	1,207
409,54	1,355
409,90	1,345
410,26	1,478
410,62	1,814
410,97	1,519
411,33	1,780
411,69	1,653
412,05	0,944
412,40	1,919
412,76	1,267
413,12	1,483
413,47	1,246
413,83	1,502
414,19	1,091
414,55	1,159
414,90	0,996
415,26	1,564
415,62	1,383
415,97	1,226
416,33	1,932
416,69	1,225
417,04	1,344
417,40	1,577
417,76	1,757
418,12	1,719
418,47	1,632
418,83	1,265
419,19	1,123
419,54	1,704
419,90	1,415
420,25	1,492
420,61	1,664
420,97	1,726
421,32	1,447
421,68	1,499
422,04	1,468
422,39	0,951
422,75	1,204
423,11	1,106
423,46	1,582
423,82	1,204
424,17	1,449
424,53	1,203
424,89	2,037
425,24	1,177
425,60	1,199
425,95	1,988
426,31	1,772
426,67	2,068
427,02	1,531
427,38	1,082
427,73	1,365
428,09	1,890
428,44	1,533
428,80	0,976
429,16	0,883
429,51	1,490
429,87	1,244
430,22	1,925
430,58	1,845
430,93	1,429
431,29	1,339
431,64	1,092
432,00	0,966
432,35	1,718
432,71	1,888
433,06	1,942
433,42	1,862
433,77	1,440
434,13	1,798
434,48	1,435
434,84	2,209
435,19	1,317
435,55	1,274
435,90	1,676
436,26	1,899
436,61	1,436
436,97	2,800
437,32	1,966
437,68	2,298
438,03	2,065
438,39	1,724
438,74	0,977
439,10	1,571
439,45	1,823
439,81	1,008
440,16	1,925
440,51	1,669
440,87	1,924
441,22	1,363
441,58	0,647
441,93	1,527
442,29	1,738
442,64	1,916
442,99	1,943
443,35	2,025
443,70	1,618
444,06	1,116
444,41	1,532
444,76	2,489
445,12	0,686
445,47	2,133
445,82	1,012
446,18	3,227
446,53	0,675
446,89	1,691
447,24	2,190
447,59	2,878
447,95	1,413
448,30	2,382
448,65	2,716
449,01	1,687
449,36	2,209
449,71	1,306
450,07	2,692
450,42	0,477
450,77	3,819
451,13	3,832
451,48	2,420
451,83	2,979
452,19	2,087
452,54	1,497
452,89	3,591
453,25	2,324
453,60	2,288
453,95	3,476
454,30	2,511
454,66	2,118
455,01	2,450
455,36	1,018
455,71	0,198
456,07	2,777
456,42	2,458
456,77	2,715
457,13	1,875
457,48	2,223
457,83	0,811
458,18	0,806
458,53	2,173
458,89	1,974
459,24	2,174
459,59	1,032
459,94	2,166
460,30	1,920
460,65	0,949
461,00	2,044
461,35	1,534
461,70	2,452
462,06	2,299
462,41	0,948
462,76	2,738
463,11	-0,174
463,46	2,855
463,82	1,938
464,17	2,011
464,52	2,213
464,87	2,265
465,22	0,770
465,57	1,804
465,93	1,376
466,28	1,227
466,63	2,983
466,98	1,205
467,33	1,365
467,68	0,931
468,03	0,922
468,39	0,100
468,74	0,731
469,09	2,404
469,44	1,338
469,79	1,109
470,14	1,712
470,49	2,637
470,84	1,200
471,19	0,869
471,55	0,817
471,90	0,875
472,25	0,768
472,60	0,926
472,95	2,509
473,30	1,761
473,65	2,163
474,00	0,972
474,35	0,243
474,70	1,926
475,05	2,324
475,40	2,150
475,75	0,330
476,10	1,459
476,45	1,411
476,80	1,459
477,15	1,135
477,50	0,587
477,85	2,290
478,21	1,348
478,56	0,861
478,91	2,323
479,26	0,064
479,61	1,014
479,96	2,527
480,31	2,718
480,66	2,419
481,00	1,683
481,35	-0,235
481,70	1,051
482,05	2,210
482,40	1,085
482,75	0,038
483,10	0,659
483,45	0,917
483,80	1,007
484,15	-0,089
484,50	0,445
484,85	0,659
485,20	2,025
485,55	-0,023
485,90	1,464
486,25	1,904
486,60	3,129
486,95	0,695
487,30	1,975
487,64	1,451
487,99	1,560
488,34	1,480
488,69	2,051
489,04	1,096
489,39	1,365
489,74	-0,173
490,09	0,319
490,44	1,326
490,78	1,218
491,13	2,023
491,48	0,806
491,83	2,112
492,18	0,613
492,53	0,904
492,88	0,013
493,22	2,434
493,57	1,370
493,92	1,889
494,27	0,623
494,62	1,664
494,97	1,569
495,31	2,461
495,66	1,650
496,01	0,332
496,36	-0,339
496,71	1,951
497,05	1,670
497,40	1,081
497,75	1,865
498,10	1,119
498,45	-0,476
498,79	2,071
499,14	1,301
499,49	0,125
499,84	2,721
500,18	0,880
500,53	0,949
500,88	0,077
501,23	1,507
501,57	1,246
501,92	1,262
502,27	1,772
502,62	-0,086
502,96	1,212
503,31	0,111
503,66	0,432
504,00	1,032
504,35	0,591
504,70	-0,156
505,05	0,688
505,39	-0,089
505,74	2,164
506,09	1,270
506,43	0,307
506,78	1,104
507,13	0,822
507,47	2,444
507,82	1,793
508,17	0,833
508,51	1,253
508,86	1,496
509,21	0,853
509,55	0,707
509,90	0,482
510,25	1,802
510,59	1,031
510,94	1,031
511,29	0,980
511,63	-0,276
511,98	0,380
512,32	1,884
512,67	1,470
513,02	0,789
513,36	0,325
513,71	0,607
514,05	2,696
514,40	2,056
514,75	2,338
515,09	0,715
515,44	2,379
515,78	3,152
516,13	2,086
516,48	1,335
516,82	2,073
517,17	3,833
517,51	2,165
517,86	2,322
518,20	2,323
518,55	2,785
518,89	0,931
519,24	2,482
519,58	0,646
519,93	0,039
520,27	1,537
520,62	2,245
520,96	1,646
521,31	2,273
521,66	1,605
522,00	1,351
522,35	3,540
522,69	3,331
523,03	1,919
523,38	1,775
523,72	1,380
524,07	3,440
524,41	1,195
524,76	0,301
525,10	3,004
525,45	3,360
525,79	3,228
526,14	2,709
526,48	1,389
526,83	1,959
527,17	-2,140
527,51	2,858
527,86	1,373
528,20	1,985
528,55	0,713
528,89	3,498
529,24	2,119
529,58	2,839
529,92	0,818
530,27	1,328
530,61	2,201
530,96	1,713
531,30	1,247
531,64	0,357
531,99	1,224
532,33	2,118
532,67	1,733
533,02	2,081
533,36	2,821
533,71	1,935
534,05	-0,871
534,39	-2,655
534,74	1,661
535,08	2,475
535,42	1,181
535,77	1,614
536,11	3,065
536,45	-0,393
536,80	0,593
537,14	2,973
537,48	1,490
537,82	2,672
538,17	2,646
538,51	0,708
538,85	1,618
539,20	2,671
539,54	-0,095
539,88	0,590
540,22	1,546
540,57	1,897
540,91	2,122
541,25	-1,016
541,60	0,678
541,94	0,626
542,28	0,988
542,62	-3,287
542,97	1,853
543,31	-1,488
543,65	2,198
543,99	3,134
544,33	0,584
544,68	1,412
545,02	4,034
545,36	-0,589
545,70	3,697
546,05	1,193
546,39	2,313
546,73	4,975
547,07	0,732
547,41	1,666
547,75	1,445
548,10	4,557
548,44	0,817
548,78	1,595
549,12	0,979
549,46	2,373
549,80	-0,141
550,15	0,978
550,49	0,305
550,83	1,201
551,17	1,239
551,51	1,476
551,85	1,188
552,19	0,017
552,54	-1,481
552,88	3,436
553,22	2,628
553,56	1,843
553,90	0,721
554,24	1,018
554,58	0,728
554,92	-0,271
555,26	-0,311
555,60	1,633
555,95	1,455
556,29	5,389
556,63	3,123
556,97	2,212
557,31	1,933
557,65	1,198
557,99	3,327
558,33	2,351
558,67	1,328
559,01	3,659
559,35	1,965
559,69	1,370
560,03	1,547
560,37	2,007
560,71	1,943
561,05	3,286
561,39	2,808
561,73	4,802
562,07	2,209
562,41	3,287
562,75	3,771
563,09	2,966
563,43	2,901
563,77	3,890
564,11	3,861
564,45	4,158
564,79	6,954
565,13	2,923
565,47	5,355
565,81	3,864
566,15	3,189
566,49	3,148
566,83	5,220
567,17	5,805
567,51	3,144
567,85	3,247
568,19	4,323
568,52	5,966
568,86	5,211
569,20	5,851
569,54	6,952
569,88	4,137
570,22	5,625
570,56	5,144
570,90	4,214
571,24	4,809
571,57	5,436
571,91	4,487
572,25	6,356
572,59	6,327
572,93	5,770
573,27	7,023
573,61	5,449
573,95	7,259
574,28	5,232
574,62	5,620
574,96	4,118
575,30	6,503
575,64	6,546
575,97	6,482
576,31	6,266
576,65	6,718
576,99	6,858
577,33	8,694
577,67	8,141
578,00	8,739
578,34	8,167
578,68	9,543
579,02	10,024
579,35	10,105
579,69	10,495
580,03	10,152
580,37	10,344
580,71	12,828
581,04	9,875
581,38	9,293
581,72	12,303
582,06	9,058
582,39	11,806
582,73	10,546
583,07	11,744
583,40	10,473
583,74	10,686
584,08	12,637
584,42	12,887
584,75	12,928
585,09	13,700
585,43	12,700
585,76	11,579
586,10	14,456
586,44	12,300
586,77	12,977
587,11	14,541
587,45	12,319
587,78	13,611
588,12	14,900
588,46	12,578
588,79	12,528
589,13	14,837
589,47	16,642
589,80	15,117
590,14	15,596
590,48	15,592
590,81	15,099
591,15	15,826
591,48	15,550
591,82	15,051
592,16	16,629
592,49	15,692
592,83	16,749
593,16	16,682
593,50	18,849
593,84	17,368
594,17	17,291
594,51	18,498
594,84	17,045
595,18	17,069
595,51	19,923
595,85	19,363
596,19	19,538
596,52	19,053
596,86	17,966
597,19	18,312
597,53	19,270
597,86	18,065
598,20	20,954
598,53	19,718
598,87	20,943
599,20	20,749
599,54	20,644
599,87	18,913
600,21	19,588
600,54	20,513
600,88	20,749
601,21	18,903
601,55	20,621
601,88	19,719
602,22	19,198
602,55	21,461
602,89	21,205
603,22	22,021
603,56	21,540
603,89	21,285
604,23	22,095
604,56	23,761
604,89	23,218
605,23	21,432
605,56	22,659
605,90	22,232
606,23	21,656
606,56	23,063
606,90	22,812
607,23	23,509
607,57	21,063
607,90	20,808
608,23	22,428
608,57	21,837
608,90	23,190
609,24	22,208
609,57	24,644
609,90	25,410
610,24	22,590
610,57	23,657
610,90	24,547
611,24	24,041
611,57	22,359
611,90	24,909
612,24	25,567
612,57	25,446
612,90	25,104
613,24	25,690
613,57	24,360
613,90	23,757
614,24	24,555
614,57	21,474
614,90	24,787
615,24	26,064
615,57	24,200
615,90	24,305
616,23	24,820
616,57	23,721
616,90	24,721
617,23	24,396
617,57	24,970
617,90	23,763
618,23	24,754
618,56	25,015
618,90	25,308
619,23	26,417
619,56	25,943
619,89	25,133
620,22	24,546
620,56	23,314
620,89	25,027
621,22	24,490
621,55	26,704
621,89	26,418
622,22	25,415
622,55	26,398
622,88	24,342
623,21	24,586
623,54	24,800
623,88	25,322
624,21	26,086
624,54	25,989
624,87	25,653
625,20	27,031
625,53	26,411
625,87	26,058
626,20	25,641
626,53	26,345
626,86	25,363
627,19	25,649
627,52	24,652
627,85	26,293
628,18	27,183
628,52	27,010
628,85	26,514
629,18	27,260
629,51	25,553
629,84	27,359
630,17	26,813
630,50	26,550
630,83	26,849
631,16	25,887
631,49	25,032
631,82	27,075
632,15	24,918
632,49	27,059
632,82	26,890
633,15	26,120
633,48	26,193
633,81	25,995
634,14	27,552
634,47	27,510
634,80	26,901
635,13	25,460
635,46	27,916
635,79	26,054
636,12	26,403
636,45	25,969
636,78	26,971
637,11	26,151
637,44	27,929
637,77	26,041
638,10	26,247
638,43	27,657
638,76	25,811
639,09	25,923
639,42	26,960
639,75	25,440
640,07	26,303
640,40	27,841
640,73	25,497
641,06	25,979
641,39	26,534
641,72	27,107
642,05	27,108
642,38	25,456
642,71	26,591
643,04	26,105
643,37	25,901
643,70	25,817
644,02	26,643
644,35	26,729
644,68	26,614
645,01	26,163
645,34	26,691
645,67	23,594
646,00	26,026
646,33	27,088
646,65	27,753
646,98	26,376
647,31	26,077
647,64	24,931
647,97	25,872
648,30	27,916
648,62	25,316
648,95	26,512
649,28	26,777
649,61	26,725
649,94	23,344
650,26	25,345
650,59	27,208
650,92	24,761
651,25	24,390
651,58	26,436
651,90	25,643
652,23	24,850
652,56	26,591
652,89	24,601
653,21	23,976
653,54	24,402
653,87	25,189
654,20	25,509
654,52	26,324
654,85	25,552
655,18	25,067
655,51	25,473
655,83	24,761
656,16	24,620
656,49	23,002
656,81	24,131
657,14	24,184
657,47	24,561
657,80	23,959
658,12	24,200
658,45	24,722
658,78	23,844
659,10	22,411
659,43	23,362
659,76	22,338
660,08	23,509
660,41	24,890
660,74	21,344
661,06	22,882
661,39	23,298
661,71	20,339
662,04	24,106
662,37	23,004
662,69	21,114
663,02	21,552
663,35	22,016
663,67	22,978
664,00	22,328
664,32	22,227
664,65	18,880
664,97	21,519
665,30	20,075
665,63	20,591
665,95	21,850
666,28	20,031
666,60	21,029
666,93	20,132
667,25	21,630
667,58	18,747
667,91	19,181
668,23	18,751
668,56	17,820
668,88	20,364
669,21	20,867
669,53	19,208
669,86	19,790
670,18	20,492
670,51	18,760
670,83	20,308
671,16	19,972
671,48	18,779
671,81	19,467
672,13	20,195
672,46	19,354
672,78	18,605
673,11	16,037
673,43	18,672
673,75	16,635
674,08	15,974
674,40	16,881
674,73	18,735
675,05	19,303
675,38	17,956
675,70	17,721
676,02	17,494
676,35	20,769
676,67	17,467
677,00	19,029
677,32	17,615
677,65	19,034
677,97	19,212
678,29	19,733
678,62	18,800
678,94	18,579
679,26	20,211
679,59	18,053
679,91	18,517
680,23	18,195
680,56	19,755
680,88	17,996
681,21	18,887
681,53	20,593
681,85	19,539
682,18	19,841
682,50	18,581
682,82	21,043
683,14	18,850
683,47	19,626
683,79	22,391
684,11	22,334
684,44	22,364
684,76	20,508
685,08	20,384
685,41	23,610
685,73	24,010
686,05	24,401
686,37	24,183
686,70	22,756
687,02	24,146
687,34	24,311
687,66	22,416
687,99	23,290
688,31	23,947
688,63	23,205
688,95	25,365
689,27	26,881
689,60	26,048
689,92	25,623
690,24	28,028
690,56	24,685
690,89	26,990
691,21	28,426
691,53	27,968
691,85	25,739
692,17	27,651
692,49	26,876
692,82	27,097
693,14	27,659
693,46	28,718
693,78	27,733
694,10	27,241
694,42	30,037
694,74	28,820
695,07	29,868
695,39	28,821
695,71	29,342
696,03	30,409
696,35	28,199
696,67	29,114
696,99	29,573
697,31	28,951
697,63	30,610
697,96	28,849
698,28	32,326
698,60	32,515
698,92	31,642
699,24	29,940
699,56	31,646
699,88	28,561
700,20	30,624
700,52	31,749
700,84	32,921
701,16	32,864
701,48	32,024
701,80	30,965
702,12	30,847
702,44	31,545
702,76	31,841
703,08	30,442
703,40	30,289
703,72	32,361
704,04	32,144
704,36	30,455
704,68	30,209
705,00	30,772
705,32	29,564
705,64	32,348
705,96	30,906
706,28	33,109
706,60	30,264
706,92	30,721
707,24	32,347
707,56	31,705
707,88	31,523
708,20	32,320
708,52	30,533
708,84	30,920
709,15	32,514
709,47	30,451
709,79	31,218
710,11	32,431
710,43	30,818
710,75	34,221
711,07	33,215
711,39	31,104
711,71	31,251
712,02	30,443
712,34	30,443
712,66	30,213
712,98	29,536
713,30	30,612
713,62	33,824
713,94	33,297
714,25	35,441
714,57	26,872
714,89	32,250
715,21	31,207
715,53	31,331
715,84	33,034
716,16	31,433
716,48	30,564
716,80	34,518
717,12	29,188
717,43	34,387
717,75	32,012
718,07	35,145
718,39	30,440
718,70	30,406
719,02	31,995
719,34	32,587
719,66	29,859
719,97	31,816
720,29	34,019
720,61	36,304
720,93	31,946
721,24	31,583
721,56	31,816
721,88	29,289
722,19	32,170
722,51	33,506
722,83	35,520
723,15	34,289
723,46	31,722
723,78	34,799
724,10	33,010
724,41	31,743
724,73	34,398
725,05	31,120
725,36	32,656
725,68	32,580
726,00	30,048
726,31	32,266
726,63	33,663
726,94	34,710
727,26	33,126
727,58	31,875
727,89	28,243
728,21	30,354
728,53	32,624
728,84	31,145
729,16	30,385
729,47	31,510
729,79	35,477
730,10	31,162
730,42	28,696
730,74	32,912
731,05	32,148
731,37	28,587
731,68	33,478
732,00	36,189
732,31	32,292
732,63	32,944
732,94	33,115
733,26	29,136
733,57	29,563
733,89	30,840
734,21	32,912
734,52	31,203
734,84	32,908
735,15	30,344
735,47	33,702
735,78	33,675
736,09	29,404
736,41	34,843
736,72	32,719
737,04	31,486
737,35	33,548
737,67	33,700
737,98	33,538
738,30	31,489
738,61	33,069
738,93	35,270
739,24	30,185
739,55	33,407
739,87	31,480
740,18	31,480
740,50	33,770
740,81	35,756
741,12	31,854
741,44	30,519
741,75	32,823
742,07	34,864
742,38	30,915
742,69	30,479
743,01	33,116
743,32	31,662
743,63	29,890
743,95	32,985
744,26	33,228
744,58	31,543
744,89	33,040
745,20	34,736
745,52	33,118
745,83	33,825
746,14	32,193
746,45	30,904
746,77	33,298
747,08	32,416
747,39	32,695
747,71	32,092
748,02	30,426
748,33	32,092
748,64	33,827
748,96	32,784
749,27	33,869
749,58	31,948
749,90	34,735
750,21	33,325
750,52	34,405
750,83	31,850
751,14	32,145
751,46	31,321
751,77	33,523
752,08	32,891
752,39	32,873
752,71	33,673
753,02	35,942
753,33	36,931
753,64	33,399
753,95	33,739
754,27	32,514
754,58	31,680
754,89	30,982
755,20	33,058
755,51	31,691
755,82	32,472
756,14	32,026
756,45	30,959
756,76	29,268
757,07	29,817
757,38	31,282
757,69	33,033
758,00	33,298
758,31	34,772
758,63	32,373
758,94	32,013
759,25	31,412
759,56	31,683
759,87	32,567
760,18	31,300
760,49	31,137
760,80	36,397
761,11	32,216
761,42	32,441
761,73	32,945
762,04	35,454
762,35	31,760
762,66	31,846
762,97	29,477
763,28	31,695
763,60	32,483
763,91	32,212
764,22	30,807
764,53	33,353
764,84	35,525
765,15	31,293
765,46	33,483
765,77	36,439
766,08	33,168
766,38	32,988
766,69	31,721
767,00	30,609
767,31	28,251
767,62	34,408
767,93	34,211
768,24	33,193
768,55	34,752
768,86	35,694
769,17	29,724
769,48	30,742
769,79	28,043
770,10	29,027
770,41	30,531
770,72	35,475
771,02	34,198
771,33	34,536
771,64	30,244
771,95	33,150
772,26	34,870
772,57	30,835
772,88	33,890
773,19	35,011
773,49	32,598
773,80	34,797
774,11	34,979
774,42	34,575
774,73	31,912
775,04	31,142
775,34	35,919
775,65	31,825
775,96	29,800
776,27	38,520
776,58	36,607
776,89	30,566
777,19	36,744
777,50	33,139
777,81	31,387
778,12	32,826
778,42	36,191
778,73	32,917
779,04	31,175
779,35	33,013
779,65	24,811
779,96	30,291
780,27	33,107
780,58	37,491
780,88	32,755
781,19	30,043
781,50	33,772
781,81	35,313
782,11	30,491
782,42	27,820
782,73	29,894
783,03	28,258
783,34	31,802
783,65	34,137
783,95	35,027
784,26	36,258
784,57	32,417
784,87	32,601
785,18	31,622
785,49	34,578
785,79	27,583
786,10	33,039
786,41	30,574
786,71	39,380
787,02	33,820
787,32	32,875
787,63	31,150
787,94	34,820
788,24	32,849
788,55	36,640
788,85	33,391
789,16	29,702
789,47	33,120
789,77	39,014
790,08	37,097
790,38	34,507
790,69	36,551
790,99	30,231
791,30	32,117
791,60	29,831
791,91	33,169
792,21	32,909
792,52	35,436
792,83	39,723
793,13	31,178
793,44	31,942
793,74	36,826
794,05	37,087
794,35	37,878
794,65	34,180
794,96	33,234
795,26	30,766
795,57	29,624
795,87	36,592
796,18	30,673
796,48	29,126
796,79	30,411
797,09	34,038
797,40	35,063
797,70	35,653
798,00	34,336
798,31	33,700
798,61	32,486
798,92	35,347
799,22	33,424
799,53	32,360
799,83	30,000
800,13	28,996
800,44	32,990
800,74	35,436
801,04	36,601
801,35	36,106
801,65	35,837
801,95	35,401
802,26	30,210
802,56	35,020
802,87	37,233
803,17	37,168
803,47	31,564
803,77	34,897
804,08	37,051
804,38	27,422
804,68	29,853
804,99	28,163
805,29	31,303
805,59	25,887
805,90	26,597
806,20	26,647
806,50	33,248
806,80	37,579
807,11	33,983
807,41	31,607
807,71	30,788
808,01	33,053
808,32	34,146
808,62	39,221
808,92	34,179
809,22	33,663
809,53	35,799
809,83	29,379
810,13	28,830
810,43	27,742
810,73	29,330
811,04	33,706
811,34	37,735
811,64	27,407
811,94	27,937
812,24	36,070
812,54	36,933
812,85	27,251
813,15	32,741
813,45	40,698
813,75	31,110
814,05	34,768
814,35	29,971
814,65	28,452
814,96	38,052
815,26	28,923
815,56	37,708
815,86	26,037
816,16	27,423
816,46	37,423
816,76	31,966
817,06	26,058
817,36	29,387
817,66	35,468
817,96	35,960
818,26	32,797
818,57	31,842
818,87	26,286
819,17	32,592
819,47	25,923
819,77	36,746
820,07	32,731
820,37	25,752
820,67	32,993
820,97	33,333
821,27	34,550
821,57	28,083
821,87	31,834
822,17	35,646
822,47	25,140
822,77	22,730
823,07	29,769
823,37	32,619
823,67	31,211
823,97	32,542
824,26	32,672
824,56	35,484
824,86	35,624
825,16	27,441
825,46	28,648
825,76	34,339
826,06	29,777
826,36	35,389
826,66	34,389
826,96	35,209
827,26	26,764
827,56	23,545
827,85	33,362
828,15	25,232
828,45	31,358
828,75	34,026
829,05	33,197
829,35	36,911
829,65	32,622
829,94	27,787
830,24	29,929
830,54	26,213
830,84	24,916
831,14	31,742
831,44	34,687
831,73	33,794
832,03	36,326
832,33	21,658
832,63	39,478
832,93	40,340
833,22	33,358
833,52	26,949
833,82	29,083
834,12	28,711
834,41	28,645
834,71	24,905
835,01	35,684
835,31	23,896
835,60	37,396
835,90	30,901
836,20	35,526
836,49	31,193
836,79	42,365
837,09	25,135
837,39	34,489
837,68	34,941
837,98	23,106
838,28	25,346
838,57	31,588
838,87	25,522
839,17	37,373
839,46	33,706
839,76	32,198
840,06	37,606
840,35	35,508
840,65	32,249
840,95	29,587
841,24	38,376
841,54	32,331
841,83	24,938
842,13	28,429
842,43	34,912
842,72	36,950
843,02	34,372
843,31	33,592
843,61	28,479
843,91	33,746
844,20	36,566
844,50	38,202
844,79	42,474
845,09	41,219
845,38	36,348
845,68	40,683
845,98	38,574
846,27	30,785
846,57	31,237
846,86	18,152
847,16	27,478
847,45	32,834
847,75	27,923
848,04	24,275
848,34	34,219
848,63	37,778
848,93	33,988
849,22	37,746
849,52	34,850
849,81	34,555
850,10	44,134
850,40	30,225
850,69	27,464
850,99	36,153
851,28	30,561
851,58	41,441
851,87	26,042
852,16	29,253
852,46	37,573
852,75	37,500
853,05	18,303
853,34	32,639
853,63	25,796
853,93	35,900
854,22	36,830
854,52	26,522
854,81	25,455
855,10	38,895
855,40	29,595
855,69	42,182
855,98	25,000
856,28	38,341
856,57	24,790
856,86	39,513
857,16	28,709
857,45	26,792
857,74	25,303
858,04	34,788
858,33	34,615
858,62	38,983
858,92	25,236
859,21	33,607
859,50	19,708
859,79	39,712
860,09	37,832
860,38	24,492
860,67	43,790
860,96	36,223
861,26	42,194
861,55	53,912
861,84	46,272
862,13	29,817
862,43	30,373
862,72	25,680
863,01	30,074
863,30	34,096
863,59	47,332
863,89	35,968
864,18	11,070
864,47	37,345
864,76	36,126
865,05	36,485
865,34	41,008
865,64	36,544
865,93	20,332
866,22	26,215
866,51	35,103
866,80	24,492
867,09	37,969
867,38	28,630
867,67	25,064
867,97	24,936
868,26	32,695
868,55	36,601
868,84	33,749
869,13	45,746
869,42	29,702
869,71	16,307
870,00	43,605
870,29	30,464
870,58	34,359
870,87	31,174
871,16	36,089
871,45	39,318
871,74	37,279
872,04	33,784
872,33	25,824
872,62	42,356
872,91	28,586
873,20	26,022
873,49	37,466
873,78	37,466
874,07	37,466
