180,12	117,949
180,49	117,949
180,87	117,949
181,25	28,205
181,63	2300,000
182,01	89,189
182,38	181,905
182,76	-26,829
183,14	-51,042
183,52	-128,125
183,89	9,677
184,27	143,284
184,65	-106,667
185,03	161,856
185,40	-20,588
185,78	58,974
186,16	57,143
186,54	85,185
186,91	900,000
187,29	-209,524
187,67	-84,615
188,05	157,143
188,42	-64,706
188,80	23,333
189,18	-18,327
189,56	13,571
189,93	98,182
190,31	11,538
190,69	-18,952
191,06	-33,929
191,44	-50,000
191,82	-17,460
192,20	-99,451
192,57	18,662
192,95	34,688
193,33	-23,944
193,70	5,036
194,08	7,580
194,46	17,891
194,83	0,580
195,21	-9,712
195,59	-61,494
195,96	2,069
196,34	20,749
196,72	26,727
197,09	31,169
197,47	12,709
197,85	3,053
198,22	39,554
198,60	-0,580
198,98	15,599
199,35	12,546
199,73	-24,199
200,11	-12,500
200,48	29,097
200,86	23,100
201,24	17,791
201,61	-13,993
201,99	-3,542
202,37	17,048
202,74	-3,901
203,12	-25,000
203,49	3,704
203,87	20,000
204,25	11,787
204,62	17,376
205,00	7,826
205,37	-42,754
205,75	-35,165
206,13	47,680
206,50	-30,178
206,88	4,612
207,25	15,523
207,63	20,461
208,01	1,105
208,38	17,602
208,76	18,728
209,13	6,593
209,51	-1,326
209,88	31,884
210,26	15,748
210,64	1,592
211,01	11,617
211,39	-11,634
211,76	-12,626
212,14	19,067
212,51	-19,947
212,89	9,292
213,26	7,763
213,64	-6,838
214,02	14,266
214,39	15,041
214,77	-4,785
215,14	7,199
215,52	-3,470
215,89	-7,795
216,27	6,254
216,64	-1,804
217,02	0,109
217,39	5,104
217,77	-1,877
218,14	2,874
218,52	-0,898
218,89	2,434
219,27	0,342
219,64	-0,334
220,02	0,749
220,39	3,226
220,77	2,184
221,14	0,458
221,52	-0,814
221,89	0,839
222,27	2,061
222,64	1,609
223,02	0,281
223,39	-0,076
223,77	2,152
224,14	0,463
224,51	0,427
224,89	0,410
225,26	-0,240
225,64	0,316
226,01	1,957
226,39	0,959
226,76	0,116
227,14	1,650
227,51	-0,416
227,88	1,392
228,26	0,940
228,63	-0,332
229,01	-0,165
229,38	1,700
229,75	1,044
230,13	-0,046
230,50	0,695
230,88	0,777
231,25	-0,161
231,63	0,690
232,00	1,538
232,37	0,070
232,75	0,811
233,12	1,439
233,49	1,453
233,87	0,597
234,24	0,332
234,62	0,776
234,99	1,285
235,36	-0,255
235,74	-0,678
236,11	-0,128
236,48	0,479
236,86	0,994
237,23	0,289
237,60	0,378
237,98	-0,011
238,35	1,249
238,73	0,366
239,10	-0,059
239,47	0,514
239,85	0,456
240,22	1,417
240,59	0,414
240,96	0,411
241,34	0,180
241,71	0,440
242,08	0,488
242,46	0,627
242,83	-0,051
243,20	0,184
243,58	0,686
243,95	0,197
244,32	0,486
244,70	0,657
245,07	0,767
245,44	0,535
245,81	0,676
246,19	0,422
246,56	0,878
246,93	0,096
247,31	0,571
247,68	0,667
248,05	0,361
248,42	-0,089
248,80	0,487
249,17	0,724
249,54	1,009
249,91	0,404
250,29	0,408
250,66	0,114
251,03	0,416
251,40	0,505
251,78	0,539
252,15	0,075
252,52	0,199
252,89	0,258
253,26	-0,094
253,64	0,441
254,01	0,781
254,38	-0,047
254,75	0,173
255,12	0,307
255,50	0,331
255,87	0,604
256,24	0,268
256,61	0,390
256,98	0,624
257,36	0,589
257,73	0,321
258,10	0,287
258,47	0,331
258,84	0,324
259,22	0,390
259,59	0,034
259,96	0,464
260,33	0,402
260,70	0,176
261,07	0,571
261,45	0,181
261,82	0,521
262,19	0,289
262,56	0,485
262,93	0,054
263,30	0,342
263,67	0,115
264,04	0,406
264,42	0,181
264,79	0,353
265,16	0,371
265,53	0,258
265,90	0,504
266,27	0,406
266,64	0,465
267,01	0,623
267,39	0,260
267,76	0,430
268,13	0,170
268,50	0,290
268,87	-0,181
269,24	-0,030
269,61	-0,020
269,98	0,136
270,35	0,222
270,72	0,041
271,09	0,335
271,46	0,213
271,84	0,210
272,21	0,334
272,58	0,212
272,95	0,399
273,32	0,321
273,69	0,168
274,06	0,241
274,43	0,239
274,80	0,426
275,17	0,134
275,54	0,333
275,91	0,211
276,28	0,234
276,65	0,489
277,02	0,456
277,39	0,310
277,76	0,385
278,13	0,418
278,50	0,395
278,87	0,467
279,24	0,272
279,61	0,352
279,98	-0,095
280,35	0,156
280,72	0,210
281,09	0,146
281,46	0,135
281,83	0,022
282,20	0,150
282,57	0,330
282,94	0,205
283,31	0,203
283,68	0,306
284,05	0,690
284,42	0,023
284,79	0,389
285,16	0,027
285,53	0,439
285,90	0,390
286,27	0,416
286,64	0,471
287,00	0,370
287,37	0,329
287,74	0,270
288,11	0,276
288,48	0,432
288,85	0,093
289,22	0,198
289,59	0,272
289,96	0,601
290,33	0,198
290,70	0,506
291,07	0,516
291,43	0,222
291,80	0,305
292,17	0,404
292,54	0,487
292,91	0,321
293,28	0,354
293,65	0,175
294,02	0,415
294,38	0,178
294,75	0,331
295,12	0,271
295,49	0,456
295,86	0,006
296,23	0,336
296,60	0,339
296,96	0,148
297,33	0,277
297,70	0,023
298,07	0,308
298,44	0,154
298,81	0,378
299,17	0,287
299,54	0,123
299,91	0,322
300,28	0,307
300,65	0,292
301,02	0,097
301,38	0,121
301,75	0,130
302,12	0,307
302,49	-0,043
302,86	0,182
303,22	0,448
303,59	0,456
303,96	0,545
304,33	0,246
304,69	0,230
305,06	0,133
305,43	0,235
305,80	0,051
306,17	0,187
306,53	0,226
306,90	0,436
307,27	0,491
307,64	0,319
308,00	0,249
308,37	0,335
308,74	0,530
309,11	0,286
309,47	0,357
309,84	0,080
310,21	0,324
310,57	0,313
310,94	0,163
311,31	0,422
311,68	0,335
312,04	0,198
312,41	0,280
312,78	0,243
313,14	-0,020
313,51	0,319
313,88	0,294
314,25	0,022
314,61	0,368
314,98	0,234
315,35	0,361
315,71	-0,125
316,08	0,402
316,45	0,018
316,81	0,177
317,18	0,483
317,55	0,299
317,91	0,420
318,28	0,134
318,65	-0,192
319,01	0,272
319,38	0,391
319,75	0,334
320,11	0,304
320,48	0,255
320,84	0,049
321,21	0,203
321,58	0,255
321,94	0,271
322,31	0,207
322,68	0,421
323,04	0,037
323,41	0,182
323,77	0,289
324,14	0,327
324,51	0,220
324,87	0,202
325,24	-0,009
325,60	0,210
325,97	0,351
326,33	0,199
326,70	0,395
327,07	0,210
327,43	0,665
327,80	0,194
328,16	0,626
328,53	0,304
328,89	0,133
329,26	0,224
329,63	0,351
329,99	0,556
330,36	0,372
330,72	0,195
331,09	0,412
331,45	0,379
331,82	0,406
332,18	0,332
332,55	-0,013
332,91	0,421
333,28	0,121
333,64	0,144
334,01	0,372
334,37	0,379
334,74	0,234
335,10	0,235
335,47	0,193
335,83	0,287
336,20	0,315
336,56	-0,134
336,93	0,331
337,29	0,166
337,66	0,528
338,02	0,442
338,39	0,325
338,75	0,259
339,12	0,222
339,48	0,260
339,85	0,380
340,21	0,304
340,57	0,385
340,94	0,291
341,30	0,238
341,67	-0,241
342,03	0,416
342,40	-0,165
342,76	0,329
343,13	0,065
343,49	0,454
343,85	0,324
344,22	0,511
344,58	0,140
344,95	0,270
345,31	-0,016
345,67	0,461
346,04	0,010
346,40	0,560
346,77	0,450
347,13	-0,068
347,49	0,410
347,86	0,154
348,22	0,424
348,58	0,208
348,95	0,274
349,31	0,560
349,68	0,102
350,04	0,438
350,40	0,057
350,77	0,078
351,13	0,105
351,49	0,413
351,86	0,057
352,22	0,232
352,58	0,111
352,95	0,274
353,31	0,179
353,67	0,158
354,04	0,220
354,40	0,366
354,76	0,299
355,13	0,131
355,49	0,008
355,85	0,319
356,21	0,479
356,58	0,195
356,94	0,297
357,30	0,347
357,67	0,122
358,03	0,238
358,39	0,283
358,75	0,252
359,12	0,475
359,48	0,389
359,84	0,375
360,21	0,382
360,57	0,381
360,93	-0,203
361,29	0,205
361,66	0,517
362,02	0,117
362,38	0,275
362,74	0,421
363,10	0,064
363,47	0,216
363,83	0,430
364,19	0,373
364,55	0,348
364,92	0,163
365,28	0,204
365,64	0,250
366,00	0,495
366,36	0,424
366,73	0,199
367,09	0,534
367,45	0,104
367,81	0,519
368,17	0,111
368,54	0,257
368,90	0,081
369,26	0,269
369,62	0,498
369,98	0,253
370,34	0,040
370,71	0,217
371,07	0,201
371,43	0,269
371,79	0,330
372,15	-0,114
372,51	0,547
372,87	-0,003
373,24	0,556
373,60	0,389
373,96	0,304
374,32	0,488
374,68	0,213
375,04	0,127
375,40	0,101
375,76	-0,003
376,12	0,343
376,49	0,015
376,85	0,234
377,21	0,573
377,57	0,393
377,93	0,252
378,29	0,211
378,65	0,389
379,01	0,183
379,37	0,355
379,73	0,108
380,09	0,153
380,45	0,267
380,81	0,565
381,18	-0,209
381,54	-0,136
381,90	0,185
382,26	0,685
382,62	0,552
382,98	0,510
383,34	0,709
383,70	0,503
384,06	0,224
384,42	0,111
384,78	0,193
385,14	0,222
385,50	0,459
385,86	0,563
386,22	0,851
386,58	0,500
386,94	0,517
387,30	0,568
387,66	0,535
388,02	0,066
388,38	0,373
388,74	0,480
389,10	0,347
389,46	0,299
389,82	0,549
390,18	0,213
390,54	0,448
390,90	0,486
391,26	0,383
391,62	0,723
391,97	0,222
392,33	0,537
392,69	0,509
393,05	0,594
393,41	0,335
393,77	0,596
394,13	0,707
394,49	0,876
394,85	0,862
395,21	0,833
395,57	0,906
395,93	0,541
396,29	1,252
396,64	0,960
397,00	0,601
397,36	0,551
397,72	0,858
398,08	0,545
398,44	0,921
398,80	0,792
399,16	0,556
399,51	0,904
399,87	0,723
400,23	0,709
400,59	1,389
400,95	0,800
401,31	0,748
401,67	1,255
402,02	0,901
402,38	0,912
402,74	0,972
403,10	1,309
403,46	1,239
403,82	0,859
404,17	0,978
404,53	1,306
404,89	0,866
405,25	1,376
405,61	1,221
405,96	0,952
406,32	1,380
406,68	1,171
407,04	0,911
407,40	0,978
407,75	1,495
408,11	1,088
408,47	1,168
408,83	1,259
409,19	1,182
409,54	1,391
409,90	1,320
410,26	1,818
410,62	1,342
410,97	1,284
411,33	1,490
411,69	1,525
412,05	1,154
412,40	1,766
412,76	1,492
413,12	1,075
413,47	1,223
413,83	1,652
414,19	1,075
414,55	1,258
414,90	1,186
415,26	1,426
415,62	1,724
415,97	1,526
416,33	1,615
416,69	1,055
417,04	1,694
417,40	1,426
417,76	1,315
418,12	1,995
418,47	1,972
418,83	1,130
419,19	1,269
419,54	1,843
419,90	1,578
420,25	1,303
420,61	1,840
420,97	1,377
421,32	1,502
421,68	2,135
422,04	1,711
422,39	1,489
422,75	1,781
423,11	1,357
423,46	2,098
423,82	1,387
424,17	1,712
424,53	1,085
424,89	1,732
425,24	1,717
425,60	1,261
425,95	2,129
426,31	1,629
426,67	1,587
427,02	1,919
427,38	1,764
427,73	1,676
428,09	1,781
428,44	1,754
428,80	1,485
429,16	0,944
429,51	1,470
429,87	1,592
430,22	1,778
430,58	1,707
430,93	1,470
431,29	1,500
431,64	1,265
432,00	1,230
432,35	1,393
432,71	1,376
433,06	1,519
433,42	1,749
433,77	1,378
434,13	1,712
434,48	1,580
434,84	2,094
435,19	1,694
435,55	1,649
435,90	2,299
436,26	1,807
436,61	1,915
436,97	2,038
437,32	1,605
437,68	1,604
438,03	1,920
438,39	0,819
438,74	1,422
439,10	1,875
439,45	2,197
439,81	1,724
440,16	1,113
440,51	1,545
440,87	1,209
441,22	2,424
441,58	1,220
441,93	1,535
442,29	0,967
442,64	1,808
442,99	1,711
443,35	1,395
443,70	1,203
444,06	1,168
444,41	1,003
444,76	2,703
445,12	1,513
445,47	1,582
445,82	1,176
446,18	3,098
446,53	0,303
446,89	0,349
447,24	0,905
447,59	0,138
447,95	2,827
448,30	2,663
448,65	1,559
449,01	3,132
449,36	0,942
449,71	2,100
450,07	2,429
450,42	0,562
450,77	2,595
451,13	3,669
451,48	3,407
451,83	2,509
452,19	0,793
452,54	2,357
452,89	1,607
453,25	0,427
453,60	1,510
453,95	1,760
454,30	1,441
454,66	1,509
455,01	1,382
455,36	2,050
455,71	0,396
456,07	2,637
456,42	1,065
456,77	2,381
457,13	1,875
457,48	1,091
457,83	-0,338
458,18	-0,779
458,53	0,755
458,89	0,907
459,24	1,946
459,59	0,925
459,94	1,598
460,30	0,712
460,65	2,019
461,00	1,487
461,35	0,363
461,70	2,425
462,06	2,083
462,41	1,773
462,76	1,976
463,11	-0,187
463,46	2,141
463,82	0,478
464,17	1,492
464,52	1,857
464,87	1,881
465,22	2,001
465,57	0,970
465,93	1,827
466,28	-0,168
466,63	1,726
466,98	0,236
467,33	0,660
467,68	-0,329
468,03	1,943
468,39	0,635
468,74	1,167
469,09	1,297
469,44	0,834
469,79	0,907
470,14	1,242
470,49	0,909
470,84	1,129
471,19	0,840
471,55	1,427
471,90	-0,159
472,25	0,929
472,60	0,256
472,95	1,673
473,30	0,385
473,65	1,928
474,00	0,124
474,35	-0,116
474,70	2,332
475,05	0,164
475,40	2,314
475,75	1,552
476,10	2,371
476,45	0,913
476,80	1,600
477,15	1,123
477,50	0,276
477,85	1,290
478,21	1,088
478,56	-0,025
478,91	0,075
479,26	-0,255
479,61	-0,355
479,96	2,874
480,31	1,770
480,66	0,427
481,00	2,060
481,35	0,131
481,70	0,128
482,05	1,401
482,40	0,669
482,75	0,127
483,10	0,899
483,45	0,302
483,80	0,858
484,15	-0,392
484,50	0,937
484,85	2,224
485,20	0,933
485,55	-0,138
485,90	1,152
486,25	1,682
486,60	1,906
486,95	0,483
487,30	1,040
487,64	0,894
487,99	2,034
488,34	1,698
488,69	1,281
489,04	0,723
489,39	2,098
489,74	-0,104
490,09	1,516
490,44	0,483
490,78	1,286
491,13	0,047
491,48	0,421
491,83	2,477
492,18	0,564
492,53	2,347
492,88	0,176
493,22	0,330
493,57	0,194
493,92	1,164
494,27	1,684
494,62	0,934
494,97	1,069
495,31	1,300
495,66	0,649
496,01	-1,312
496,36	-0,412
496,71	1,937
497,05	1,849
497,40	0,274
497,75	0,826
498,10	2,005
498,45	-0,184
498,79	1,948
499,14	2,246
499,49	0,171
499,84	1,881
500,18	1,807
500,53	0,171
500,88	1,166
501,23	-1,061
501,57	0,352
501,92	2,424
502,27	1,315
502,62	0,257
502,96	0,719
503,31	0,125
503,66	-0,195
504,00	0,674
504,35	0,798
504,70	0,481
505,05	0,965
505,39	0,253
505,74	1,771
506,09	0,952
506,43	1,423
506,78	1,068
507,13	1,953
507,47	1,853
507,82	0,705
508,17	2,087
508,51	0,784
508,86	1,543
509,21	0,529
509,55	1,133
509,90	0,434
510,25	1,705
510,59	0,968
510,94	1,207
511,29	0,915
511,63	0,684
511,98	1,085
512,32	1,423
512,67	1,054
513,02	0,263
513,36	-0,725
513,71	0,653
514,05	1,853
514,40	2,183
514,75	-2,289
515,09	1,863
515,44	0,248
515,78	0,876
516,13	2,156
516,48	-0,053
516,82	1,542
517,17	3,920
517,51	3,067
517,86	2,304
518,20	0,888
518,55	2,881
518,89	1,140
519,24	-0,019
519,58	1,806
519,93	-0,960
520,27	3,377
520,62	-0,813
520,96	0,697
521,31	1,822
521,66	1,896
522,00	1,601
522,35	4,903
522,69	1,268
523,03	1,197
523,38	0,000
523,72	-0,345
524,07	1,090
524,41	2,055
524,76	-0,151
525,10	0,933
525,45	1,429
525,79	3,446
526,14	2,314
526,48	1,244
526,83	2,789
527,17	-2,032
527,51	0,189
527,86	1,177
528,20	-0,376
528,55	2,408
528,89	2,120
529,24	2,586
529,58	2,498
529,92	0,800
530,27	1,631
530,61	0,607
530,96	-0,234
531,30	2,631
531,64	2,676
531,99	1,594
532,33	2,197
532,67	2,304
533,02	-0,569
533,36	1,952
533,71	2,056
534,05	-1,247
534,39	-1,207
534,74	0,257
535,08	1,890
535,42	2,632
535,77	0,578
536,11	3,443
536,45	1,198
536,80	-0,287
537,14	1,641
537,48	0,843
537,82	1,120
538,17	3,121
538,51	-0,191
538,85	-1,072
539,20	1,644
539,54	1,403
539,88	0,419
540,22	1,011
540,57	2,705
540,91	1,559
541,25	0,268
541,60	-0,094
541,94	0,853
542,28	3,076
542,62	0,170
542,97	0,936
543,31	-1,662
543,65	2,180
543,99	1,157
544,33	0,950
544,68	1,284
545,02	1,963
545,36	-0,037
545,70	1,038
546,05	1,083
546,39	1,847
546,73	3,731
547,07	1,250
547,41	0,484
547,75	1,838
548,10	1,374
548,44	-0,054
548,78	2,471
549,12	1,957
549,46	2,253
549,80	1,723
550,15	1,188
550,49	1,616
550,83	2,262
551,17	2,288
551,51	1,024
551,85	2,847
552,19	2,290
552,54	-0,952
552,88	1,254
553,22	3,204
553,56	0,122
553,90	1,161
554,24	0,569
554,58	1,871
554,92	1,221
555,26	0,104
555,60	2,211
555,95	1,786
556,29	3,223
556,63	2,823
556,97	2,263
557,31	3,395
557,65	1,736
557,99	3,310
558,33	1,454
558,67	2,774
559,01	2,853
559,35	2,202
559,69	1,627
560,03	2,925
560,37	4,348
560,71	1,708
561,05	5,426
561,39	3,722
561,73	3,503
562,07	2,276
562,41	3,903
562,75	5,194
563,09	3,585
563,43	1,778
563,77	5,487
564,11	5,597
564,45	4,915
564,79	3,969
565,13	3,039
565,47	5,965
565,81	2,598
566,15	2,867
566,49	4,261
566,83	4,590
567,17	5,153
567,51	3,835
567,85	3,877
568,19	4,648
568,52	7,153
568,86	5,322
569,20	5,727
569,54	5,319
569,88	4,784
570,22	8,246
570,56	5,837
570,90	5,630
571,24	5,294
571,57	5,079
571,91	6,204
572,25	7,408
572,59	5,838
572,93	6,347
573,27	6,078
573,61	6,077
573,95	6,588
574,28	8,593
574,62	7,060
574,96	6,449
575,30	7,853
575,64	7,744
575,97	8,045
576,31	4,970
576,65	5,644
576,99	9,105
577,33	8,174
577,67	7,374
578,00	8,465
578,34	9,313
578,68	8,887
579,02	9,979
579,35	10,610
579,69	9,102
580,03	9,407
580,37	10,161
580,71	11,939
581,04	10,332
581,38	9,501
581,72	12,006
582,06	8,863
582,39	10,426
582,73	10,728
583,07	10,945
583,40	11,691
583,74	10,495
584,08	11,721
584,42	11,370
584,75	12,898
585,09	12,367
585,43	13,255
585,76	11,579
586,10	13,233
586,44	12,964
586,77	12,244
587,11	12,917
587,45	13,420
587,78	12,345
588,12	12,389
588,46	13,161
588,79	12,709
589,13	13,395
589,47	14,394
589,80	13,845
590,14	13,553
590,48	14,153
590,81	15,234
591,15	12,822
591,48	13,861
591,82	13,670
592,16	14,175
592,49	14,809
592,83	15,821
593,16	14,908
593,50	17,190
593,84	15,597
594,17	14,883
594,51	16,533
594,84	14,271
595,18	15,063
595,51	16,855
595,85	17,546
596,19	16,835
596,52	16,459
596,86	16,968
597,19	15,170
597,53	16,876
597,86	17,112
598,20	17,090
598,53	17,237
598,87	17,698
599,20	15,727
599,54	17,769
599,87	17,029
600,21	17,037
600,54	17,673
600,88	18,081
601,21	19,066
601,55	17,607
601,88	17,042
602,22	16,400
602,55	18,191
602,89	18,771
603,22	18,698
603,56	19,994
603,89	18,523
604,23	16,454
604,56	20,107
604,89	19,283
605,23	18,897
605,56	18,041
605,90	19,729
606,23	19,274
606,56	19,109
606,90	18,736
607,23	18,536
607,57	19,194
607,90	19,615
608,23	19,641
608,57	18,439
608,90	20,218
609,24	19,603
609,57	20,931
609,90	18,999
610,24	20,392
610,57	19,349
610,90	20,547
611,24	19,863
611,57	20,848
611,90	20,728
612,24	20,260
612,57	20,670
612,90	21,064
613,24	22,462
613,57	20,058
613,90	21,249
614,24	20,204
614,57	19,788
614,90	21,338
615,24	22,612
615,57	21,406
615,90	19,273
616,23	20,094
616,57	20,032
616,90	20,767
617,23	20,259
617,57	19,973
617,90	18,463
618,23	20,924
618,56	21,587
618,90	21,351
619,23	21,711
619,56	22,935
619,89	21,374
620,22	21,021
620,56	20,575
620,89	20,963
621,22	20,780
621,55	21,322
621,89	21,352
622,22	20,947
622,55	21,792
622,88	21,288
623,21	22,754
623,54	20,595
623,88	22,229
624,21	21,816
624,54	21,692
624,87	20,937
625,20	21,174
625,53	21,304
625,87	21,710
626,20	19,953
626,53	21,881
626,86	21,325
627,19	22,426
627,52	19,777
627,85	24,190
628,18	21,430
628,52	21,747
628,85	22,071
629,18	25,124
629,51	22,891
629,84	22,918
630,17	22,383
630,50	22,408
630,83	21,937
631,16	21,692
631,49	22,074
631,82	22,388
632,15	19,556
632,49	22,148
632,82	22,550
633,15	23,445
633,48	22,344
633,81	22,749
634,14	21,010
634,47	23,059
634,80	22,433
635,13	22,315
635,46	22,119
635,79	22,562
636,12	21,478
636,45	22,997
636,78	20,401
637,11	20,762
637,44	22,428
637,77	22,750
638,10	21,912
638,43	22,502
638,76	22,636
639,09	22,450
639,42	22,597
639,75	22,383
640,07	20,732
640,40	23,032
640,73	22,207
641,06	21,332
641,39	23,036
641,72	23,183
642,05	24,216
642,38	23,534
642,71	21,688
643,04	22,898
643,37	23,484
643,70	22,632
644,02	23,227
644,35	21,992
644,68	21,078
645,01	23,844
645,34	22,214
645,67	19,370
646,00	22,856
646,33	23,290
646,65	22,747
646,98	22,556
647,31	21,882
647,64	21,055
647,97	21,707
648,30	22,383
648,62	21,127
648,95	22,121
649,28	22,052
649,61	23,156
649,94	20,124
650,26	21,495
650,59	23,373
650,92	23,239
651,25	21,150
651,58	21,749
651,90	21,990
652,23	21,531
652,56	21,667
652,89	21,724
653,21	21,311
653,54	22,330
653,87	22,384
654,20	21,124
654,52	21,150
654,85	22,751
655,18	20,619
655,51	20,665
655,83	21,151
656,16	22,468
656,49	20,329
656,81	21,188
657,14	20,709
657,47	21,470
657,80	20,365
658,12	22,740
658,45	20,211
658,78	18,834
659,10	22,556
659,43	21,979
659,76	18,606
660,08	21,938
660,41	19,559
660,74	19,184
661,06	19,928
661,39	19,939
661,71	20,443
662,04	22,806
662,37	19,758
662,69	18,509
663,02	18,794
663,35	19,397
663,67	19,907
664,00	20,221
664,32	20,401
664,65	18,431
664,97	18,917
665,30	19,414
665,63	19,397
665,95	21,732
666,28	18,578
666,60	20,661
666,93	19,027
667,25	19,319
667,58	17,337
667,91	16,833
668,23	18,497
668,56	16,129
668,88	20,076
669,21	19,469
669,53	19,492
669,86	19,805
670,18	18,489
670,51	19,915
670,83	20,031
671,16	18,216
671,48	17,996
671,81	17,157
672,13	18,589
672,46	18,942
672,78	18,897
673,11	16,974
673,43	17,142
673,75	16,176
674,08	17,333
674,40	16,993
674,73	18,178
675,05	17,617
675,38	16,579
675,70	18,236
676,02	18,043
676,35	17,035
676,67	17,733
677,00	18,051
677,32	17,872
677,65	16,792
677,97	17,145
678,29	16,969
678,62	17,170
678,94	18,956
679,26	18,054
679,59	18,737
679,91	18,844
680,23	18,777
680,56	18,088
680,88	18,627
681,21	18,253
681,53	18,787
681,85	19,166
682,18	18,203
682,50	17,111
682,82	18,789
683,14	18,602
683,47	16,929
683,79	18,645
684,11	19,772
684,44	20,359
684,76	19,604
685,08	20,688
685,41	19,582
685,73	21,129
686,05	19,811
686,37	21,048
686,70	21,590
687,02	20,746
687,34	21,746
687,66	22,024
687,99	21,818
688,31	20,135
688,63	19,711
688,95	20,459
689,27	22,886
689,60	20,047
689,92	20,336
690,24	21,507
690,56	21,727
690,89	22,761
691,21	22,303
691,53	22,655
691,85	21,217
692,17	22,124
692,49	23,892
692,82	22,939
693,14	23,339
693,46	22,554
693,78	21,560
694,10	22,202
694,42	23,741
694,74	24,054
695,07	24,143
695,39	24,782
695,71	22,906
696,03	22,024
696,35	23,179
696,67	24,562
696,99	22,581
697,31	24,345
697,63	23,775
697,96	24,943
698,28	24,484
698,60	23,967
698,92	24,728
699,24	24,887
699,56	27,088
699,88	24,559
700,20	23,628
700,52	25,297
700,84	24,342
701,16	27,065
701,48	25,005
701,80	23,684
702,12	24,204
702,44	23,899
702,76	24,971
703,08	22,614
703,40	25,566
703,72	23,095
704,04	25,632
704,36	23,497
704,68	25,760
705,00	21,561
705,32	23,506
705,64	24,651
705,96	25,145
706,28	25,798
706,60	24,914
706,92	24,839
707,24	23,641
707,56	23,556
707,88	27,807
708,20	26,382
708,52	23,667
708,84	25,393
709,15	25,447
709,47	23,997
709,79	26,734
710,11	24,414
710,43	26,961
710,75	25,470
711,07	24,734
711,39	23,454
711,71	23,580
712,02	26,498
712,34	21,605
712,66	26,461
712,98	23,072
713,30	23,373
713,62	27,570
713,94	26,323
714,25	24,699
714,57	24,667
714,89	26,186
715,21	24,048
715,53	24,942
715,84	27,729
716,16	26,959
716,48	26,696
716,80	25,988
717,12	23,521
717,43	24,746
717,75	23,199
718,07	25,724
718,39	21,095
718,70	25,350
719,02	23,550
719,34	23,537
719,66	22,598
719,97	23,706
720,29	27,444
720,61	25,250
720,93	24,689
721,24	26,499
721,56	26,225
721,88	22,805
722,19	24,440
722,51	27,300
722,83	26,775
723,15	27,007
723,46	23,393
723,78	26,552
724,10	27,234
724,41	26,770
724,73	25,837
725,05	24,529
725,36	25,677
725,68	26,855
726,00	25,969
726,31	25,915
726,63	24,626
726,94	27,708
727,26	26,646
727,58	23,638
727,89	25,562
728,21	23,345
728,53	27,178
728,84	23,274
729,16	20,826
729,47	24,370
729,79	24,492
730,10	25,947
730,42	24,366
730,74	24,874
731,05	25,821
731,37	23,795
731,68	27,001
732,00	26,324
732,31	26,562
732,63	25,780
732,94	25,185
733,26	22,428
733,57	26,374
733,89	24,332
734,21	27,908
734,52	23,948
734,84	24,511
735,15	21,292
735,47	25,958
735,78	27,273
736,09	26,075
736,41	25,214
736,72	23,143
737,04	27,357
737,35	25,539
737,67	25,991
737,98	26,981
738,30	23,773
738,61	23,758
738,93	26,093
739,24	25,609
739,55	24,806
739,87	26,170
740,18	22,235
740,50	24,741
740,81	25,919
741,12	24,719
741,44	25,109
741,75	26,725
742,07	28,859
742,38	24,086
742,69	25,144
743,01	23,635
743,32	27,614
743,63	23,870
743,95	26,200
744,26	25,243
744,58	25,239
744,89	27,658
745,20	22,972
745,52	24,302
745,83	25,518
746,14	25,050
746,45	24,522
746,77	25,145
747,08	25,952
747,39	24,710
747,71	27,501
748,02	25,446
748,33	27,060
748,64	27,628
748,96	26,138
749,27	27,004
749,58	25,463
749,90	26,708
750,21	23,962
750,52	24,464
750,83	24,480
751,14	22,715
751,46	22,007
751,77	26,407
752,08	26,694
752,39	25,993
752,71	25,635
753,02	27,575
753,33	27,162
753,64	27,767
753,95	25,682
754,27	26,026
754,58	27,711
754,89	24,994
755,20	25,890
755,51	25,006
755,82	25,833
756,14	22,872
756,45	24,334
756,76	25,006
757,07	25,369
757,38	22,906
757,69	28,178
758,00	26,978
758,31	26,426
758,63	25,908
758,94	22,293
759,25	22,974
759,56	24,164
759,87	23,528
760,18	24,427
760,49	25,983
760,80	26,119
761,11	24,666
761,42	26,816
761,73	25,980
762,04	24,972
762,35	25,858
762,66	25,194
762,97	27,761
763,28	25,898
763,60	24,751
763,91	26,156
764,22	24,870
764,53	25,841
764,84	28,442
765,15	23,632
765,46	21,397
765,77	25,816
766,08	25,371
766,38	27,236
766,69	25,418
767,00	27,404
767,31	24,604
767,62	25,403
767,93	25,282
768,24	30,628
768,55	25,720
768,86	24,211
769,17	20,887
769,48	26,448
769,79	23,696
770,10	23,820
770,41	23,641
770,72	27,500
771,02	30,484
771,33	28,838
771,64	25,625
771,95	24,693
772,26	26,090
772,57	25,191
772,88	24,114
773,19	26,502
773,49	25,880
773,80	25,619
774,11	27,121
774,42	26,183
774,73	22,401
775,04	25,000
775,34	25,891
775,65	22,984
775,96	22,120
776,27	27,622
776,58	30,047
776,89	25,888
777,19	22,578
777,50	20,612
777,81	25,803
778,12	25,435
778,42	27,022
778,73	25,785
779,04	24,698
779,35	28,392
779,65	23,980
779,96	20,464
780,27	27,043
780,58	29,920
780,88	24,877
781,19	26,273
781,50	26,685
781,81	30,977
782,11	24,134
782,42	21,678
782,73	26,010
783,03	20,645
783,34	24,929
783,65	27,791
783,95	24,408
784,26	29,358
784,57	25,375
784,87	26,346
785,18	23,097
785,49	23,936
785,79	25,278
786,10	27,189
786,41	24,662
786,71	26,058
787,02	26,722
787,32	24,369
787,63	25,317
787,94	26,242
788,24	20,211
788,55	27,557
788,85	29,310
789,16	25,078
789,47	25,480
789,77	30,561
790,08	24,776
790,38	21,323
790,69	29,094
790,99	25,880
791,30	25,958
791,60	27,767
791,91	22,112
792,21	26,686
792,52	24,051
792,83	28,422
793,13	20,705
793,44	30,204
793,74	29,253
794,05	30,139
794,35	29,616
794,65	24,880
794,96	21,425
795,26	28,779
795,57	26,904
795,87	25,154
796,18	19,615
796,48	22,586
796,79	25,697
797,09	20,165
797,40	27,103
797,70	28,443
798,00	21,103
798,31	24,150
798,61	25,838
798,92	28,449
799,22	26,111
799,53	24,570
799,83	26,508
800,13	27,862
800,44	27,835
800,74	24,853
801,04	25,733
801,35	28,976
801,65	27,885
801,95	28,363
802,26	28,961
802,56	36,358
802,87	25,309
803,17	34,104
803,47	26,084
803,77	26,217
804,08	24,918
804,38	22,020
804,68	25,000
804,99	22,438
805,29	24,246
805,59	23,095
805,90	22,997
806,20	23,620
806,50	25,032
806,80	28,625
807,11	30,946
807,41	32,571
807,71	21,902
808,01	24,820
808,32	31,886
808,62	25,195
808,92	25,121
809,22	25,371
809,53	21,693
809,83	22,236
810,13	18,818
810,43	22,129
810,73	23,822
811,04	34,299
811,34	23,655
811,64	23,813
811,94	28,254
812,24	31,157
812,54	32,200
812,85	25,652
813,15	29,938
813,45	31,525
813,75	24,695
814,05	21,461
814,35	25,292
814,65	19,589
814,96	30,834
815,26	15,231
815,56	27,708
815,86	24,029
816,16	27,997
816,46	23,390
816,76	20,185
817,06	20,349
817,36	23,823
817,66	31,034
817,96	27,794
818,26	28,951
818,57	24,358
818,87	25,643
819,17	32,017
819,47	22,585
819,77	26,858
820,07	27,962
820,37	24,133
820,67	22,467
820,97	21,993
821,27	21,429
821,57	30,609
821,87	26,994
822,17	25,598
822,47	25,459
822,77	24,279
823,07	22,985
823,37	22,971
823,67	30,590
823,97	25,070
824,26	20,458
824,56	25,728
824,86	28,041
825,16	21,228
825,46	28,802
825,76	16,705
826,06	25,173
826,36	31,303
826,66	30,317
826,96	27,010
827,26	25,997
827,56	25,573
827,85	21,647
828,15	23,544
828,45	21,399
828,75	24,601
829,05	20,246
829,35	26,260
829,65	21,264
829,94	25,624
830,24	27,180
830,54	18,377
830,84	21,044
831,14	21,082
831,44	27,734
831,73	29,386
832,03	31,671
832,33	19,608
832,63	33,249
832,93	25,021
833,22	19,715
833,52	23,383
833,82	24,333
834,12	30,424
834,41	27,437
834,71	23,760
835,01	22,958
835,31	13,160
835,60	27,880
835,90	28,919
836,20	30,877
836,49	16,275
836,79	30,131
837,09	21,712
837,39	24,088
837,68	26,798
837,98	24,602
838,28	23,798
838,57	32,810
838,87	12,334
839,17	25,994
839,46	18,917
839,76	16,154
840,06	18,506
840,35	27,712
840,65	30,868
840,95	30,641
841,24	22,308
841,54	18,359
841,83	25,766
842,13	26,743
842,43	27,019
842,72	22,264
843,02	33,204
843,31	16,117
843,61	17,161
843,91	28,622
844,20	25,356
844,50	28,839
844,79	28,660
845,09	20,455
845,38	30,230
845,68	31,164
845,98	29,811
846,27	26,963
846,57	32,150
846,86	18,370
847,16	18,057
847,45	25,819
847,75	18,044
848,04	31,579
848,34	18,080
848,63	24,127
848,93	30,845
849,22	18,511
849,52	27,686
849,81	20,105
850,10	38,538
850,40	16,935
850,69	29,952
850,99	24,371
851,28	33,166
851,58	32,793
851,87	16,563
852,16	24,689
852,46	35,146
852,75	23,156
853,05	24,606
853,34	28,571
853,63	22,722
853,93	30,691
854,22	30,870
854,52	32,609
854,81	18,750
855,10	23,502
855,40	19,191
855,69	14,736
855,98	16,935
856,28	29,596
856,57	27,416
856,86	26,419
857,16	27,141
857,45	23,925
857,74	26,755
858,04	24,340
858,33	25,156
858,62	22,881
858,92	16,599
859,21	31,865
859,50	22,993
859,79	31,584
860,09	24,548
860,38	17,640
860,67	25,480
860,96	29,097
861,26	33,893
861,55	26,284
861,84	24,890
862,13	35,414
862,43	16,447
862,72	34,340
863,01	33,333
863,30	25,057
863,59	17,921
863,89	32,523
864,18	16,482
864,47	33,747
864,76	34,385
865,05	35,273
865,34	17,869
865,64	32,718
865,93	31,397
866,22	18,418
866,51	37,877
866,80	19,416
867,09	29,029
867,38	34,464
867,67	29,284
867,97	24,936
868,26	36,527
868,55	35,686
868,84	36,137
869,13	26,220
869,42	23,087
869,71	14,286
870,00	29,111
870,29	23,103
870,58	6,026
870,87	26,406
871,16	29,944
871,45	40,000
871,74	18,367
872,04	23,108
872,33	25,687
872,62	29,445
872,91	16,350
873,20	15,489
873,49	35,580
873,78	35,580
874,07	35,580
