180,12	20066,667
180,49	20066,667
180,87	20066,667
181,25	-375,833
181,63	-2371,429
182,01	-635,616
182,38	-2175,000
182,76	-553,488
183,14	-278,462
183,52	-10440,000
183,89	1039,024
184,27	-284,000
184,65	34500,000
185,03	-2345,455
185,40	-547,761
185,78	-284,298
186,16	-4855,556
186,54	-1147,222
186,91	2523,529
187,29	-993,023
187,67	-706,780
188,05	457,143
188,42	-282,222
188,80	-1338,462
189,18	-168,794
189,56	-97,134
189,93	-270,202
190,31	-290,643
190,69	-233,333
191,06	-365,116
191,44	-177,007
191,82	-105,806
192,20	-154,435
192,57	-191,845
192,95	-189,048
193,33	-332,215
193,70	-165,587
194,08	-319,745
194,46	-228,743
194,83	-110,850
195,21	-288,889
195,59	-119,592
195,96	-178,205
196,34	-118,909
196,72	-162,393
197,09	-187,448
197,47	-167,254
197,85	-118,182
198,22	-99,401
198,60	-271,429
198,98	-209,317
199,35	-123,194
199,73	-312,921
200,11	-198,795
200,48	-136,131
200,86	-140,392
201,24	-142,361
201,61	-165,919
201,99	-144,280
202,37	-320,755
202,74	-206,464
203,12	-176,563
203,49	-158,633
203,87	-90,608
204,25	-154,978
204,62	-249,730
205,00	-157,198
205,37	-134,797
205,75	-135,231
206,13	-172,836
206,50	-140,303
206,88	-293,377
207,25	-127,887
207,63	-63,272
208,01	-231,818
208,38	-151,211
208,76	-93,531
209,13	-88,571
209,51	-138,869
209,88	-174,564
210,26	-135,165
210,64	-192,095
211,01	-100,578
211,39	-79,319
211,76	-99,191
212,14	-115,550
212,51	-118,681
212,89	-160,745
213,26	-103,263
213,64	-112,379
214,02	-77,897
214,39	-114,112
214,77	-49,016
215,14	-60,545
215,52	-55,123
215,89	-47,846
216,27	-41,109
216,64	-36,059
217,02	-30,097
217,39	-31,741
217,77	-22,942
218,14	-20,319
218,52	-23,602
218,89	-20,844
219,27	-18,991
219,64	-21,005
220,02	-19,170
220,39	-16,621
220,77	-13,930
221,14	-11,329
221,52	-15,566
221,89	-10,926
222,27	-11,784
222,64	-8,969
223,02	-14,813
223,39	-10,475
223,77	-9,529
224,14	-7,939
224,51	-7,565
224,89	-9,335
225,26	-7,071
225,64	-6,383
226,01	-4,532
226,39	-5,162
226,76	-6,235
227,14	-3,760
227,51	-5,349
227,88	-4,706
228,26	-4,638
228,63	-3,221
229,01	-3,133
229,38	-3,062
229,75	-2,208
230,13	-3,466
230,50	-2,482
230,88	-2,671
231,25	-2,960
231,63	-1,685
232,00	-2,408
232,37	-2,434
232,75	-1,904
233,12	-2,457
233,49	-1,301
233,87	-1,850
234,24	-1,420
234,62	-1,613
234,99	-0,282
235,36	-0,641
235,74	-0,781
236,11	-1,817
236,48	-0,528
236,86	-0,868
237,23	-0,184
237,60	-0,642
237,98	-1,096
238,35	-1,477
238,73	-1,268
239,10	-0,556
239,47	-0,761
239,85	0,105
240,22	-0,704
240,59	-0,227
240,96	-0,465
241,34	-0,449
241,71	-0,329
242,08	-0,351
242,46	-0,314
242,83	0,351
243,20	-0,006
243,58	-0,181
243,95	-0,116
244,32	0,828
244,70	0,513
245,07	0,688
245,44	0,551
245,81	0,299
246,19	0,076
246,56	-0,286
246,93	-0,427
247,31	0,238
247,68	-0,354
248,05	0,211
248,42	0,251
248,80	0,065
249,17	0,079
249,54	-0,710
249,91	0,302
250,29	0,494
250,66	0,502
251,03	0,195
251,40	0,197
251,78	0,526
252,15	0,460
252,52	0,187
252,89	-0,050
253,26	0,364
253,64	0,231
254,01	0,209
254,38	0,383
254,75	0,381
255,12	0,953
255,50	0,923
255,87	0,584
256,24	0,515
256,61	1,061
256,98	0,525
257,36	1,022
257,73	0,164
258,10	0,373
258,47	0,864
258,84	0,281
259,22	1,000
259,59	0,469
259,96	0,351
260,33	1,000
260,70	0,516
261,07	0,593
261,45	0,711
261,82	0,921
262,19	0,737
262,56	0,620
262,93	0,514
263,30	0,929
263,67	0,535
264,04	0,791
264,42	0,604
264,79	0,725
265,16	0,488
265,53	0,558
265,90	0,723
266,27	0,595
266,64	0,838
267,01	0,759
267,39	0,560
267,76	0,680
268,13	0,608
268,50	0,505
268,87	0,589
269,24	0,606
269,61	0,698
269,98	0,516
270,35	0,633
270,72	0,710
271,09	0,698
271,46	0,455
271,84	0,306
272,21	0,701
272,58	0,705
272,95	0,631
273,32	0,803
273,69	0,866
274,06	0,625
274,43	0,576
274,80	0,569
275,17	0,617
275,54	0,641
275,91	0,779
276,28	0,573
276,65	0,404
277,02	0,266
277,39	0,660
277,76	0,581
278,13	0,513
278,50	0,610
278,87	0,382
279,24	0,534
279,61	0,141
279,98	1,075
280,35	0,547
280,72	0,673
281,09	0,624
281,46	0,756
281,83	0,685
282,20	0,215
282,57	0,166
282,94	0,546
283,31	0,404
283,68	0,393
284,05	0,853
284,42	0,288
284,79	0,538
285,16	0,575
285,53	0,758
285,90	0,601
286,27	0,651
286,64	0,939
287,00	0,677
287,37	0,525
287,74	0,779
288,11	0,479
288,48	0,689
288,85	0,606
289,22	0,554
289,59	0,666
289,96	0,662
290,33	0,308
290,70	0,799
291,07	0,306
291,43	0,443
291,80	0,689
292,17	0,397
292,54	0,887
292,91	0,656
293,28	0,471
293,65	0,419
294,02	0,860
294,38	0,652
294,75	0,572
295,12	0,583
295,49	0,705
295,86	0,726
296,23	0,907
296,60	0,655
296,96	0,830
297,33	0,658
297,70	0,584
298,07	0,470
298,44	0,335
298,81	0,276
299,17	0,387
299,54	0,864
299,91	0,845
300,28	0,692
300,65	0,712
301,02	0,887
301,38	0,458
301,75	0,601
302,12	0,464
302,49	0,793
302,86	0,648
303,22	1,002
303,59	0,665
303,96	0,374
304,33	0,837
304,69	0,761
305,06	0,759
305,43	0,390
305,80	0,698
306,17	0,478
306,53	0,795
306,90	0,553
307,27	0,519
307,64	0,431
308,00	0,520
308,37	0,718
308,74	0,603
309,11	0,657
309,47	0,810
309,84	0,636
310,21	0,590
310,57	0,422
310,94	0,375
311,31	0,353
311,68	0,478
312,04	0,713
312,41	0,900
312,78	0,497
313,14	0,534
313,51	0,487
313,88	0,294
314,25	0,725
314,61	0,426
314,98	0,486
315,35	0,478
315,71	0,446
316,08	0,532
316,45	0,493
316,81	0,718
317,18	0,508
317,55	0,267
317,91	0,978
318,28	0,426
318,65	0,547
319,01	0,066
319,38	0,233
319,75	0,594
320,11	0,763
320,48	1,140
320,84	0,800
321,21	0,496
321,58	0,647
321,94	0,538
322,31	0,462
322,68	0,434
323,04	0,252
323,41	0,077
323,77	0,592
324,14	0,260
324,51	0,444
324,87	0,459
325,24	0,302
325,60	-0,076
325,97	0,320
326,33	0,278
326,70	0,226
327,07	0,309
327,43	0,521
327,80	0,615
328,16	0,512
328,53	0,500
328,89	0,857
329,26	-0,006
329,63	0,347
329,99	0,669
330,36	0,543
330,72	0,141
331,09	0,249
331,45	0,800
331,82	0,133
332,18	0,468
332,55	0,239
332,91	0,185
333,28	0,407
333,64	0,482
334,01	0,811
334,37	0,823
334,74	0,237
335,10	0,220
335,47	0,377
335,83	0,375
336,20	-0,217
336,56	0,078
336,93	0,483
337,29	0,518
337,66	0,171
338,02	0,145
338,39	-0,261
338,75	0,421
339,12	0,092
339,48	0,079
339,85	-0,487
340,21	0,458
340,57	0,121
340,94	0,550
341,30	0,454
341,67	0,293
342,03	-0,098
342,40	0,311
342,76	0,364
343,13	0,674
343,49	0,085
343,85	0,225
344,22	-0,144
344,58	0,628
344,95	0,331
345,31	0,606
345,67	0,250
346,04	-0,100
346,40	0,794
346,77	0,242
347,13	0,033
347,49	0,232
347,86	0,367
348,22	0,294
348,58	-0,161
348,95	-0,087
349,31	0,275
349,68	-0,352
350,04	-0,107
350,40	0,173
350,77	0,296
351,13	0,422
351,49	0,316
351,86	0,323
352,22	-0,074
352,58	-0,187
352,95	-0,089
353,31	0,268
353,67	0,477
354,04	-0,020
354,40	0,309
354,76	0,414
355,13	0,159
355,49	0,296
355,85	0,365
356,21	-0,079
356,58	-0,052
356,94	-0,329
357,30	0,156
357,67	0,343
358,03	0,282
358,39	-0,077
358,75	0,252
359,12	-0,000
359,48	-0,290
359,84	-0,010
360,21	0,049
360,57	-0,177
360,93	0,088
361,29	0,308
361,66	-0,025
362,02	0,215
362,38	-0,411
362,74	0,147
363,10	0,394
363,47	0,181
363,83	-0,201
364,19	-0,091
364,55	-0,124
364,92	0,197
365,28	-0,488
365,64	0,302
366,00	0,099
366,36	0,349
366,73	0,494
367,09	-0,217
367,45	-0,299
367,81	-0,107
368,17	0,205
368,54	0,195
368,90	0,143
369,26	0,243
369,62	-0,201
369,98	-0,210
370,34	0,095
370,71	-0,073
371,07	0,185
371,43	-0,409
371,79	-0,359
372,15	0,194
372,51	0,134
372,87	-0,099
373,24	0,235
373,60	0,368
373,96	-0,167
374,32	0,260
374,68	0,262
375,04	-0,296
375,40	-0,147
375,76	0,214
376,12	0,508
376,49	0,088
376,85	0,183
377,21	0,660
377,57	-0,080
377,93	0,060
378,29	0,161
378,65	0,086
379,01	-0,203
379,37	0,243
379,73	0,687
380,09	0,308
380,45	0,422
380,81	-0,359
381,18	-0,274
381,54	0,097
381,90	0,355
382,26	-0,261
382,62	-0,205
382,98	-0,159
383,34	0,253
383,70	0,215
384,06	0,198
384,42	0,428
384,78	0,067
385,14	-0,145
385,50	0,215
385,86	0,066
386,22	-0,167
386,58	-0,054
386,94	-0,069
387,30	-0,343
387,66	0,229
388,02	0,165
388,38	0,180
388,74	0,333
389,10	0,264
389,46	0,369
389,82	0,050
390,18	0,393
390,54	0,219
390,90	0,426
391,26	0,219
391,62	0,112
391,97	0,722
392,33	0,838
392,69	0,327
393,05	0,636
393,41	0,408
393,77	-0,491
394,13	0,637
394,49	-0,078
394,85	0,028
395,21	0,579
395,57	0,290
395,93	0,278
396,29	0,307
396,64	0,139
397,00	0,788
397,36	0,713
397,72	0,905
398,08	1,091
398,44	0,143
398,80	0,120
399,16	0,734
399,51	0,565
399,87	0,714
400,23	0,146
400,59	0,410
400,95	0,556
401,31	0,495
401,67	0,539
402,02	0,746
402,38	0,526
402,74	0,385
403,10	0,610
403,46	0,273
403,82	0,863
404,17	0,161
404,53	0,168
404,89	0,286
405,25	1,043
405,61	0,596
405,96	0,992
406,32	0,977
406,68	0,989
407,04	0,304
407,40	0,367
407,75	-0,031
408,11	0,731
408,47	0,307
408,83	1,278
409,19	0,763
409,54	0,394
409,90	0,677
410,26	-0,197
410,62	-0,338
410,97	0,111
411,33	0,706
411,69	0,364
412,05	0,830
412,40	0,671
412,76	0,460
413,12	0,362
413,47	0,458
413,83	0,794
414,19	-0,184
414,55	0,627
414,90	0,054
415,26	0,819
415,62	0,759
415,97	0,452
416,33	0,735
416,69	0,209
417,04	0,434
417,40	0,804
417,76	0,828
418,12	0,415
418,47	0,005
418,83	0,644
419,19	-0,041
419,54	0,884
419,90	-0,079
420,25	0,684
420,61	0,005
420,97	0,697
421,32	0,825
421,68	0,976
422,04	0,380
422,39	0,723
422,75	0,548
423,11	1,269
423,46	0,556
423,82	0,292
424,17	0,935
424,53	1,130
424,89	1,219
425,24	0,744
425,60	0,424
425,95	-0,155
426,31	0,241
426,67	0,805
427,02	0,797
427,38	0,478
427,73	0,362
428,09	0,281
428,44	0,796
428,80	0,464
429,16	0,956
429,51	0,845
429,87	0,791
430,22	0,788
430,58	1,066
430,93	0,934
431,29	-0,274
431,64	-0,019
432,00	-0,247
432,35	-0,648
432,71	0,104
433,06	-0,268
433,42	0,089
433,77	-0,476
434,13	-0,113
434,48	-1,691
434,84	0,110
435,19	-0,422
435,55	0,129
435,90	-0,796
436,26	-0,617
436,61	-1,216
436,97	-0,966
437,32	-0,614
437,68	-0,099
438,03	-1,417
438,39	-0,812
438,74	-0,585
439,10	-0,673
439,45	-1,676
439,81	-0,123
440,16	-1,518
440,51	-1,780
440,87	-0,527
441,22	-1,389
441,58	-1,426
441,93	-1,491
442,29	-2,347
442,64	-1,051
442,99	-0,331
443,35	-1,908
443,70	-2,591
444,06	-3,498
444,41	-2,914
444,76	-2,515
445,12	-2,449
445,47	-3,053
445,82	-2,632
446,18	-2,129
446,53	-4,457
446,89	-6,703
447,24	-7,709
447,59	-4,390
447,95	-5,373
448,30	-5,464
448,65	-4,957
449,01	-6,157
449,36	-6,964
449,71	-7,710
450,07	-6,994
450,42	-6,326
450,77	-5,856
451,13	-5,815
451,48	-5,437
451,83	-6,587
452,19	-6,023
452,54	-3,919
452,89	-3,667
453,25	-5,059
453,60	-5,285
453,95	-6,515
454,30	-6,876
454,66	-3,821
455,01	-3,677
455,36	0,219
455,71	-6,278
456,07	-4,417
456,42	-4,549
456,77	-3,266
457,13	-2,475
457,48	-4,079
457,83	-3,175
458,18	-3,252
458,53	-3,776
458,89	-5,648
459,24	-5,011
459,59	-5,995
459,94	-3,250
460,30	-3,978
460,65	-1,356
461,00	-4,151
461,35	-3,618
461,70	-2,765
462,06	-2,794
462,41	-4,073
462,76	-2,960
463,11	-4,094
463,46	-5,172
463,82	-3,356
464,17	-5,310
464,52	-3,351
464,87	-5,442
465,22	-3,676
465,57	-3,203
465,93	-3,704
466,28	-2,770
466,63	-2,374
466,98	-1,825
467,33	-3,738
467,68	-3,167
468,03	-2,753
468,39	-3,199
468,74	-1,751
469,09	-3,060
469,44	-1,884
469,79	-2,484
470,14	-0,826
470,49	-2,001
470,84	-2,360
471,19	-0,636
471,55	-3,269
471,90	-0,975
472,25	-2,028
472,60	-1,394
472,95	-3,013
473,30	-1,881
473,65	-1,285
474,00	-2,702
474,35	-0,744
474,70	-3,335
475,05	-2,787
475,40	-2,275
475,75	-2,396
476,10	-3,287
476,45	-3,109
476,80	-4,664
477,15	-3,753
477,50	-1,732
477,85	-2,125
478,21	-2,211
478,56	-2,602
478,91	-3,419
479,26	-2,904
479,61	-2,713
479,96	-3,562
480,31	-2,809
480,66	-3,159
481,00	-2,717
481,35	-3,284
481,70	-2,591
482,05	-1,976
482,40	-3,923
482,75	-4,160
483,10	-2,652
483,45	-3,382
483,80	-5,045
484,15	-3,302
484,50	-1,744
484,85	-3,894
485,20	-2,549
485,55	-3,833
485,90	-1,216
486,25	-3,624
486,60	-2,822
486,95	-2,251
487,30	-2,273
487,64	-2,347
487,99	-2,779
488,34	-2,029
488,69	-3,444
489,04	-2,970
489,39	-2,716
489,74	-3,640
490,09	-4,037
490,44	-1,415
490,78	-3,217
491,13	-2,576
491,48	-2,864
491,83	-1,918
492,18	-1,752
492,53	-2,109
492,88	-3,251
493,22	-4,693
493,57	-2,327
493,92	-3,000
494,27	-3,469
494,62	-3,930
494,97	-3,711
495,31	-2,593
495,66	-5,218
496,01	-5,230
496,36	-5,650
496,71	-5,423
497,05	-3,524
497,40	-5,168
497,75	-3,417
498,10	-5,161
498,45	-4,102
498,79	-4,208
499,14	-2,319
499,49	-4,827
499,84	-5,465
500,18	-3,993
500,53	-3,993
500,88	-5,121
501,23	-4,416
501,57	-3,627
501,92	-3,362
502,27	-2,704
502,62	-3,329
502,96	-4,889
503,31	-3,334
503,66	-1,626
504,00	-4,295
504,35	-2,844
504,70	-3,387
505,05	-3,538
505,39	-2,196
505,74	-3,559
506,09	-4,432
506,43	-1,523
506,78	-1,619
507,13	-3,638
507,47	-0,900
507,82	-0,445
508,17	-3,092
508,51	-2,674
508,86	-0,437
509,21	-2,062
509,55	0,167
509,90	-0,436
510,25	-2,152
510,59	-1,918
510,94	-1,825
511,29	-0,996
511,63	-2,176
511,98	-0,700
512,32	-2,219
512,67	-2,919
513,02	-5,864
513,36	-2,442
513,71	-1,772
514,05	-3,365
514,40	-4,133
514,75	-0,467
515,09	-0,472
515,44	-3,043
515,78	-3,634
516,13	-3,220
516,48	-4,682
516,82	-1,089
517,17	-1,012
517,51	-0,887
517,86	-2,789
518,20	-3,004
518,55	-3,903
518,89	-3,999
519,24	-3,552
519,58	-4,872
519,93	-1,213
520,27	-5,173
520,62	-4,265
520,96	-1,776
521,31	-1,915
521,66	-3,370
522,00	-1,472
522,35	-2,038
522,69	-0,842
523,03	-1,917
523,38	-2,646
523,72	0,422
524,07	-2,012
524,41	-1,487
524,76	-0,240
525,10	-0,737
525,45	-1,614
525,79	-1,520
526,14	1,254
526,48	0,932
526,83	1,529
527,17	2,369
527,51	-1,504
527,86	0,314
528,20	-1,910
528,55	-0,087
528,89	0,535
529,24	0,306
529,58	1,292
529,92	-4,362
530,27	-0,115
530,61	2,121
530,96	0,118
531,30	-0,483
531,64	-3,306
531,99	0,210
532,33	0,118
532,67	1,175
533,02	1,804
533,36	2,791
533,71	0,779
534,05	-1,515
534,39	-1,511
534,74	0,619
535,08	-1,192
535,42	1,781
535,77	1,092
536,11	0,631
536,45	-0,000
536,80	1,443
537,14	-0,409
537,48	-0,162
537,82	0,874
538,17	3,782
538,51	2,756
538,85	-2,205
539,20	-0,761
539,54	1,653
539,88	0,263
540,22	-0,212
540,57	-1,209
540,91	1,897
541,25	0,692
541,60	3,540
541,94	3,277
542,28	0,672
542,62	3,087
542,97	0,321
543,31	4,329
543,65	1,130
543,99	0,887
544,33	0,111
544,68	4,655
545,02	0,710
545,36	-0,149
545,70	1,826
546,05	-0,442
546,39	4,090
546,73	3,327
547,07	4,462
547,41	0,323
547,75	2,030
548,10	2,755
548,44	2,942
548,78	0,107
549,12	5,276
549,46	4,181
549,80	2,886
550,15	3,629
550,49	1,302
550,83	1,165
551,17	0,127
551,51	2,216
551,85	3,522
552,19	1,699
552,54	4,654
552,88	2,526
553,22	4,344
553,56	3,721
553,90	5,354
554,24	2,625
554,58	2,663
554,92	1,811
555,26	1,792
555,60	3,322
555,95	2,040
556,29	2,930
556,63	3,760
556,97	3,538
557,31	0,513
557,65	1,986
557,99	3,548
558,33	3,164
558,67	1,630
559,01	2,024
559,35	2,226
559,69	1,574
560,03	1,337
560,37	1,126
560,71	1,721
561,05	1,729
561,39	4,205
561,73	1,865
562,07	1,430
562,41	4,364
562,75	3,458
563,09	5,095
563,43	0,964
563,77	0,790
564,11	2,223
564,45	1,831
564,79	2,355
565,13	2,182
565,47	0,076
565,81	2,859
566,15	-0,589
566,49	1,269
566,83	1,168
567,17	1,229
567,51	0,058
567,85	1,291
568,19	-0,894
568,52	3,874
568,86	0,817
569,20	0,728
569,54	-0,380
569,88	0,607
570,22	-0,019
570,56	-0,879
570,90	0,356
571,24	1,204
571,57	0,546
571,91	-0,884
572,25	-0,625
572,59	-1,409
572,93	-1,468
573,27	0,332
573,61	0,418
573,95	-1,353
574,28	0,036
574,62	1,483
574,96	0,745
575,30	0,806
575,64	-1,690
575,97	3,213
576,31	-0,314
576,65	2,517
576,99	-0,145
577,33	0,165
577,67	0,852
578,00	-1,054
578,34	0,460
578,68	-2,075
579,02	-1,652
579,35	0,604
579,69	-1,702
580,03	-2,815
580,37	-1,075
580,71	0,328
581,04	-1,141
581,38	-2,321
581,72	0,385
582,06	-0,671
582,39	-1,888
582,73	-0,142
583,07	-1,463
583,40	-0,971
583,74	-3,194
584,08	-2,046
584,42	-2,141
584,75	-2,231
585,09	-2,573
585,43	-0,958
585,76	-2,256
586,10	-1,462
586,44	-0,053
586,77	-2,748
587,11	-1,810
587,45	-2,597
587,78	-0,866
588,12	-5,285
588,46	-0,607
588,79	-2,493
589,13	-0,443
589,47	-2,103
589,80	-0,893
590,14	-0,337
590,48	-2,353
590,81	-2,395
591,15	-1,645
591,48	-3,166
591,82	-1,237
592,16	-0,623
592,49	-0,498
592,83	-0,763
593,16	-1,773
593,50	-2,500
593,84	-3,278
594,17	-1,735
594,51	-0,308
594,84	-2,289
595,18	-1,640
595,51	-1,576
595,85	-0,654
596,19	-2,898
596,52	-2,674
596,86	-1,222
597,19	-3,435
597,53	-0,999
597,86	-4,346
598,20	-0,313
598,53	-1,547
598,87	-3,353
599,20	-4,886
599,54	-2,585
599,87	-2,957
600,21	-1,313
600,54	-1,433
600,88	-2,607
601,21	-1,568
601,55	-0,118
601,88	-5,084
602,22	-2,116
602,55	-3,542
602,89	-3,397
603,22	-2,136
603,56	-1,528
603,89	-1,257
604,23	-1,834
604,56	-1,512
604,89	-1,700
605,23	-2,424
605,56	-2,680
605,90	-1,190
606,23	-1,506
606,56	-1,174
606,90	0,017
607,23	-2,528
607,57	-2,233
607,90	-0,493
608,23	-4,336
608,57	-4,951
608,90	-3,108
609,24	-3,121
609,57	-1,043
609,90	-4,134
610,24	-1,720
610,57	-1,724
610,90	-3,325
611,24	-3,252
611,57	-3,348
611,90	-3,086
612,24	-1,922
612,57	-1,314
612,90	-2,914
613,24	-1,882
613,57	-3,207
613,90	-3,910
614,24	-4,496
614,57	-3,182
614,90	-4,050
615,24	-1,345
615,57	-3,286
615,90	-2,182
616,23	-3,697
616,57	-4,895
616,90	-3,267
617,23	-2,979
617,57	-4,193
617,90	-3,932
618,23	-3,092
618,56	-4,278
618,90	-4,686
619,23	-1,493
619,56	-2,832
619,89	-3,645
620,22	-4,258
620,56	-3,711
620,89	-2,311
621,22	-3,825
621,55	0,304
621,89	-2,055
622,22	-4,834
622,55	-3,452
622,88	-3,988
623,21	-3,797
623,54	-2,539
623,88	-3,401
624,21	-3,866
624,54	-2,896
624,87	-2,229
625,20	-0,974
625,53	-4,715
625,87	-4,096
626,20	-3,017
626,53	-4,619
626,86	-4,263
627,19	-2,873
627,52	-3,130
627,85	-1,739
628,18	-2,595
628,52	-4,665
628,85	-3,529
629,18	-2,615
629,51	-3,808
629,84	-3,871
630,17	-4,278
630,50	-1,930
630,83	-2,652
631,16	-2,803
631,49	-0,810
631,82	-5,080
632,15	-2,216
632,49	-2,529
632,82	-3,650
633,15	-1,538
633,48	-3,792
633,81	-2,720
634,14	-2,257
634,47	-3,252
634,80	-2,012
635,13	-4,997
635,46	-3,012
635,79	-3,779
636,12	-1,431
636,45	-3,839
636,78	-3,757
637,11	-4,078
637,44	-4,024
637,77	-3,370
638,10	-3,778
638,43	-2,970
638,76	-2,099
639,09	-2,432
639,42	-3,876
639,75	-3,822
640,07	-3,166
640,40	-2,183
640,73	-5,574
641,06	-3,691
641,39	-4,892
641,72	-3,459
642,05	-3,957
642,38	-3,209
642,71	-5,207
643,04	-1,173
643,37	-3,515
643,70	-1,895
644,02	-3,730
644,35	-3,699
644,68	-3,366
645,01	-4,453
645,34	-2,927
645,67	-3,079
646,00	-3,415
646,33	-3,390
646,65	-0,517
646,98	-5,641
647,31	-4,407
647,64	-4,693
647,97	-3,787
648,30	-3,405
648,62	-4,093
648,95	-3,635
649,28	-4,062
649,61	-5,124
649,94	-5,061
650,26	-4,937
650,59	-6,059
650,92	-3,330
651,25	-5,087
651,58	-5,885
651,90	-4,766
652,23	-4,165
652,56	-3,360
652,89	-4,877
653,21	-3,054
653,54	-3,806
653,87	-4,353
654,20	-3,352
654,52	-2,899
654,85	-1,466
655,18	-4,001
655,51	-4,733
655,83	-3,398
656,16	-4,480
656,49	-5,182
656,81	-5,615
657,14	-5,061
657,47	-3,269
657,80	-4,742
658,12	-3,652
658,45	-1,712
658,78	-3,252
659,10	-5,333
659,43	-2,565
659,76	-7,409
660,08	-5,779
660,41	-3,838
660,74	-3,923
661,06	-3,807
661,39	-6,079
661,71	-5,036
662,04	-5,896
662,37	-5,318
662,69	-4,465
663,02	-5,117
663,35	-4,719
663,67	-4,714
664,00	-3,934
664,32	-3,316
664,65	-3,499
664,97	-4,123
665,30	-6,756
665,63	-4,434
665,95	-3,773
666,28	-4,910
666,60	-4,913
666,93	-4,129
667,25	-3,505
667,58	-5,137
667,91	-6,209
668,23	-6,173
668,56	-5,806
668,88	-4,032
669,21	-3,867
669,53	-4,668
669,86	-5,142
670,18	-3,987
670,51	-5,919
670,83	-3,865
671,16	-5,552
671,48	-4,628
671,81	-4,073
672,13	-3,350
672,46	-6,536
672,78	-3,157
673,11	-4,445
673,43	-4,411
673,75	-7,175
674,08	-5,758
674,40	-2,101
674,73	-7,879
675,05	-4,964
675,38	-3,818
675,70	-5,459
676,02	-6,266
676,35	-6,581
676,67	-4,027
677,00	-3,036
677,32	-5,452
677,65	-5,178
677,97	-3,075
678,29	-5,038
678,62	-4,868
678,94	-2,379
679,26	-3,412
679,59	-5,224
679,91	-3,506
680,23	-5,731
680,56	-6,995
680,88	-4,348
681,21	-4,768
681,53	-5,878
681,85	-3,505
682,18	-1,186
682,50	-5,881
682,82	-1,783
683,14	-5,721
683,47	-5,794
683,79	-3,958
684,11	-3,829
684,44	-4,860
684,76	-3,208
685,08	-3,380
685,41	-7,651
685,73	-5,349
686,05	-4,844
686,37	-2,995
686,70	-4,350
687,02	-5,495
687,34	-4,124
687,66	-2,757
687,99	-4,187
688,31	-2,407
688,63	-4,956
688,95	-3,131
689,27	-4,949
689,60	-2,651
689,92	-6,683
690,24	-4,712
690,56	-5,572
690,89	-4,634
691,21	-3,108
691,53	-4,984
691,85	-4,214
692,17	-4,860
692,49	-6,631
692,82	-3,507
693,14	-2,045
693,46	-2,696
693,78	-2,258
694,10	-4,949
694,42	-2,842
694,74	-3,058
695,07	-2,607
695,39	-4,745
695,71	-1,212
696,03	-1,490
696,35	-0,698
696,67	-2,023
696,99	-4,578
697,31	-5,026
697,63	-1,134
697,96	0,575
698,28	2,394
698,60	1,082
698,92	1,229
699,24	-0,466
699,56	1,743
699,88	2,044
700,20	-1,096
700,52	0,905
700,84	3,055
701,16	-0,134
701,48	6,445
701,80	3,216
702,12	4,557
702,44	2,306
702,76	4,320
703,08	5,098
703,40	4,756
703,72	5,775
704,04	2,700
704,36	1,019
704,68	8,618
705,00	7,405
705,32	8,184
705,64	6,916
705,96	7,632
706,28	7,113
706,60	6,767
706,92	6,429
707,24	9,321
707,56	11,499
707,88	12,740
708,20	11,602
708,52	9,382
708,84	13,389
709,15	11,735
709,47	6,181
709,79	11,348
710,11	11,670
710,43	8,502
710,75	14,650
711,07	15,037
711,39	17,272
711,71	15,389
712,02	12,638
712,34	14,512
712,66	13,641
712,98	16,699
713,30	17,089
713,62	17,267
713,94	17,218
714,25	18,017
714,57	16,196
714,89	16,559
715,21	17,771
715,53	18,930
715,84	16,461
716,16	17,759
716,48	19,419
716,80	20,472
717,12	19,135
717,43	18,265
717,75	20,862
718,07	20,321
718,39	22,914
718,70	21,505
719,02	24,057
719,34	23,659
719,66	23,602
719,97	20,524
720,29	21,365
720,61	25,656
720,93	21,871
721,24	25,310
721,56	26,319
721,88	23,694
722,19	26,513
722,51	25,243
722,83	27,161
723,15	22,482
723,46	27,808
723,78	27,158
724,10	28,555
724,41	30,628
724,73	29,928
725,05	29,239
725,36	29,537
725,68	31,836
726,00	29,018
726,31	29,723
726,63	30,057
726,94	30,811
727,26	30,063
727,58	30,195
727,89	33,636
728,21	31,805
728,53	31,844
728,84	33,587
729,16	31,340
729,47	34,152
729,79	34,949
730,10	36,123
730,42	34,976
730,74	37,594
731,05	35,210
731,37	36,454
731,68	36,396
732,00	36,842
732,31	36,444
732,63	36,802
732,94	33,603
733,26	38,379
733,57	39,563
733,89	33,546
734,21	37,646
734,52	36,482
734,84	37,659
735,15	39,299
735,47	37,271
735,78	38,383
736,09	36,330
736,41	38,771
736,72	39,472
737,04	38,391
737,35	42,825
737,67	44,165
737,98	41,318
738,30	42,190
738,61	42,203
738,93	40,869
739,24	39,104
739,55	41,825
739,87	42,669
740,18	40,176
740,50	44,313
740,81	39,424
741,12	46,284
741,44	44,883
741,75	44,147
742,07	42,005
742,38	44,902
742,69	42,226
743,01	44,595
743,32	45,563
743,63	43,326
743,95	47,107
744,26	48,834
744,58	47,299
744,89	47,588
745,20	44,154
745,52	45,042
745,83	45,430
746,14	45,149
746,45	47,139
746,77	47,335
747,08	48,096
747,39	47,738
747,71	48,709
748,02	48,644
748,33	46,611
748,64	47,890
748,96	45,158
749,27	49,763
749,58	51,780
749,90	51,227
750,21	51,446
750,52	51,830
750,83	50,253
751,14	49,397
751,46	47,154
751,77	48,154
752,08	50,973
752,39	49,604
752,71	52,007
753,02	46,870
753,33	49,082
753,64	51,716
753,95	49,986
754,27	51,889
754,58	48,772
754,89	46,699
755,20	46,428
755,51	48,986
755,82	47,985
756,14	47,472
756,45	49,730
756,76	49,351
757,07	47,170
757,38	53,567
757,69	48,154
758,00	50,656
758,31	52,967
758,63	49,555
758,94	54,538
759,25	51,666
759,56	51,946
759,87	51,861
760,18	53,257
760,49	50,455
760,80	53,646
761,11	48,015
761,42	51,268
761,73	49,221
762,04	50,000
762,35	51,265
762,66	51,986
762,97	51,160
763,28	49,583
763,60	51,080
763,91	55,728
764,22	49,136
764,53	50,448
764,84	52,401
765,15	50,415
765,46	48,732
765,77	50,505
766,08	51,109
766,38	52,821
766,69	48,817
767,00	50,745
767,31	45,877
767,62	50,384
767,93	48,919
768,24	41,300
768,55	49,516
768,86	50,566
769,17	53,122
769,48	47,634
769,79	44,406
770,10	46,623
770,41	50,442
770,72	51,892
771,02	53,399
771,33	48,969
771,64	50,847
771,95	45,891
772,26	48,812
772,57	50,633
772,88	47,026
773,19	46,687
773,49	46,166
773,80	41,351
774,11	50,097
774,42	49,755
774,73	47,924
775,04	47,045
775,34	49,232
775,65	45,549
775,96	46,404
776,27	47,380
776,58	48,691
776,89	47,537
777,19	47,857
777,50	43,956
777,81	43,160
778,12	49,036
778,42	48,318
778,73	45,739
779,04	44,480
779,35	44,444
779,65	50,316
779,96	45,466
780,27	47,310
780,58	42,815
780,88	45,435
781,19	44,040
781,50	49,713
781,81	44,360
782,11	44,658
782,42	46,689
782,73	41,126
783,03	47,759
783,34	51,160
783,65	42,991
783,95	47,824
784,26	49,530
784,57	42,548
784,87	44,170
785,18	44,098
785,49	43,084
785,79	43,658
786,10	42,982
786,41	43,621
786,71	42,135
787,02	42,641
787,32	45,514
787,63	40,465
787,94	42,907
788,24	40,920
788,55	42,560
788,85	41,064
789,16	39,740
789,47	44,339
789,77	38,580
790,08	40,030
790,38	42,353
790,69	43,025
790,99	38,642
791,30	44,439
791,60	48,197
791,91	37,518
792,21	36,349
792,52	38,350
792,83	42,987
793,13	37,754
793,44	44,669
793,74	42,537
794,05	44,152
794,35	36,547
794,65	39,923
794,96	40,250
795,26	40,808
795,57	39,046
795,87	41,222
796,18	35,081
796,48	38,830
796,79	36,747
797,09	40,668
797,40	35,449
797,70	35,280
798,00	41,657
798,31	39,512
798,61	41,084
798,92	48,490
799,22	37,609
799,53	36,817
799,83	35,680
800,13	36,251
800,44	40,340
800,74	30,979
801,04	37,456
801,35	33,776
801,65	35,125
801,95	37,331
802,26	32,731
802,56	33,010
802,87	34,796
803,17	35,176
803,47	30,364
803,77	39,530
804,08	32,537
804,38	37,123
804,68	34,890
804,99	37,995
805,29	31,107
805,59	37,995
805,90	37,406
806,20	34,182
806,50	34,146
806,80	33,461
807,11	37,232
807,41	36,321
807,71	25,264
808,01	35,587
808,32	42,179
808,62	33,816
808,92	33,755
809,22	38,083
809,53	33,486
809,83	32,245
810,13	38,242
810,43	30,039
810,73	32,040
811,04	29,040
811,34	31,898
811,64	29,199
811,94	36,228
812,24	26,578
812,54	37,390
812,85	35,213
813,15	33,382
813,45	37,537
813,75	31,806
814,05	31,001
814,35	25,159
814,65	29,173
814,96	27,914
815,26	13,930
815,56	28,958
815,86	39,259
816,16	27,397
816,46	31,210
816,76	27,083
817,06	29,525
817,36	33,648
817,66	34,647
817,96	32,158
818,26	30,813
818,57	23,946
818,87	30,815
819,17	24,171
819,47	29,446
819,77	25,603
820,07	30,383
820,37	23,666
820,67	22,222
820,97	37,173
821,27	24,088
821,57	41,094
821,87	17,632
822,17	23,929
822,47	22,481
822,77	35,750
823,07	27,169
823,37	31,871
823,67	22,776
823,97	24,808
824,26	33,468
824,56	24,053
824,86	28,761
825,16	25,186
825,46	25,546
825,76	24,237
826,06	25,195
826,36	23,463
826,66	34,790
826,96	27,177
827,26	25,578
827,56	22,581
827,85	19,960
828,15	28,273
828,45	17,002
828,75	21,837
829,05	27,163
829,35	23,227
829,65	28,545
829,94	25,630
830,24	20,684
830,54	19,508
830,84	25,274
831,14	32,344
831,44	16,362
831,73	30,330
832,03	25,697
832,33	25,566
832,63	15,769
832,93	23,113
833,22	28,081
833,52	17,296
833,82	30,965
834,12	27,115
834,41	19,668
834,71	24,849
835,01	17,183
835,31	24,534
835,60	20,463
835,90	27,325
836,20	19,234
836,49	27,154
836,79	27,054
837,09	29,659
837,39	23,707
837,68	29,863
837,98	14,189
838,28	18,879
838,57	17,566
838,87	28,109
839,17	23,070
839,46	17,524
839,76	22,380
840,06	17,630
840,35	21,512
840,65	21,384
840,95	33,621
841,24	13,859
841,54	22,821
841,83	21,422
842,13	14,485
842,43	16,279
842,72	13,340
843,02	17,857
843,31	20,941
843,61	18,068
843,91	17,878
844,20	21,913
844,50	27,941
844,79	2,581
845,09	14,832
845,38	4,077
845,68	20,524
845,98	18,295
846,27	26,140
846,57	21,109
846,86	14,718
847,16	13,541
847,45	17,265
847,75	12,100
848,04	10,783
848,34	-1,324
848,63	18,933
848,93	10,397
849,22	15,186
849,52	25,054
849,81	12,538
850,10	11,432
850,40	15,573
850,69	25,561
850,99	-2,468
851,28	21,633
851,58	15,582
851,87	9,524
852,16	18,862
852,46	11,596
852,75	18,308
853,05	22,030
853,34	-1,140
853,63	3,482
853,93	9,270
854,22	19,754
854,52	8,979
854,81	3,169
855,10	16,018
855,40	14,303
855,69	13,636
855,98	9,225
856,28	12,209
856,57	21,905
856,86	0,604
857,16	19,248
857,45	4,294
857,74	3,269
858,04	14,623
858,33	21,021
858,62	18,607
858,92	-5,313
859,21	7,104
859,50	15,019
859,79	2,667
860,09	7,268
860,38	15,771
860,67	15,621
860,96	7,042
861,26	12,221
861,55	28,571
861,84	13,521
862,13	2,857
862,43	5,769
862,72	12,093
863,01	9,268
863,30	-2,696
863,59	5,018
863,89	-17,625
864,18	18,216
864,47	5,675
864,76	11,151
865,05	11,940
865,34	-6,369
865,64	5,983
865,93	6,928
866,22	7,757
866,51	7,649
866,80	12,289
867,09	-11,000
867,38	-1,511
867,67	18,873
867,97	5,125
868,26	-11,429
868,55	12,411
868,84	1,213
869,13	-11,790
869,42	4,132
869,71	7,436
870,00	-4,704
870,29	12,048
870,58	6,226
870,87	5,882
871,16	14,912
871,45	-3,315
871,74	0,364
872,04	-9,393
872,33	-12,437
872,62	-20,900
872,91	3,258
873,20	-5,942
873,49	-13,741
873,78	-13,741
874,07	-13,741
