180,12	19700,000
180,49	19700,000
180,87	19700,000
181,25	-377,500
181,63	-2628,571
182,01	-615,068
182,38	-2520,000
182,76	-655,814
183,14	-396,154
183,52	-11380,000
183,89	1202,439
184,27	-355,200
184,65	50900,000
185,03	-2463,636
185,40	-774,627
185,78	-335,537
186,16	-5900,000
186,54	-1347,222
186,91	3100,000
187,29	-1190,698
187,67	-811,864
188,05	422,449
188,42	-305,926
188,80	-1230,769
189,18	-172,340
189,56	-160,828
189,93	-277,778
190,31	-266,082
190,69	-257,143
191,06	-424,806
191,44	-155,839
191,82	-122,903
192,20	-199,194
192,57	-207,296
192,95	-209,048
193,33	-385,906
193,70	-229,150
194,08	-412,739
194,46	-248,503
194,83	-127,273
195,21	-322,222
195,59	-173,878
195,96	-183,761
196,34	-166,182
196,72	-231,197
197,09	-173,222
197,47	-168,310
197,85	-183,838
198,22	-129,641
198,60	-281,868
198,98	-326,087
199,35	-148,289
199,73	-293,820
200,11	-180,321
200,48	-167,883
200,86	-183,529
201,24	-145,486
201,61	-214,798
201,99	-153,506
202,37	-304,403
202,74	-182,510
203,12	-200,000
203,49	-140,647
203,87	-131,768
204,25	-206,061
204,62	-330,270
205,00	-164,591
205,37	-149,662
205,75	-184,698
206,13	-192,836
206,50	-116,667
206,88	-311,258
207,25	-129,296
207,63	-125,926
208,01	-226,446
208,38	-146,713
208,76	-114,825
209,13	-104,286
209,51	-157,244
209,88	-179,791
210,26	-177,289
210,64	-168,775
211,01	-141,040
211,39	-110,949
211,76	-142,588
212,14	-146,917
212,51	-118,132
212,89	-177,077
213,26	-106,294
213,64	-127,427
214,02	-80,258
214,39	-125,061
214,77	-64,426
215,14	-59,397
215,52	-62,626
215,89	-49,887
216,27	-35,086
216,64	-31,067
217,02	-45,455
217,39	-33,821
217,77	-38,462
218,14	-22,032
218,52	-22,204
218,89	-17,613
219,27	-20,604
219,64	-23,694
220,02	-20,649
220,39	-18,252
220,77	-20,730
221,14	-15,055
221,52	-18,147
221,89	-14,193
222,27	-12,777
222,64	-13,719
223,02	-13,868
223,39	-12,305
223,77	-11,117
224,14	-8,428
224,51	-8,785
224,89	-8,730
225,26	-9,877
225,64	-8,373
226,01	-9,374
226,39	-7,651
226,76	-8,482
227,14	-8,969
227,51	-5,746
227,88	-7,119
228,26	-6,092
228,63	-6,164
229,01	-4,187
229,38	-7,030
229,75	-3,968
230,13	-5,192
230,50	-5,066
230,88	-4,187
231,25	-3,639
231,63	-2,115
232,00	-3,101
232,37	-3,520
232,75	-2,756
233,12	-3,371
233,49	-3,852
233,87	-2,535
234,24	-3,253
234,62	-2,844
234,99	-2,313
235,36	-2,748
235,74	-3,220
236,11	-2,658
236,48	-2,253
236,86	-1,517
237,23	-2,732
237,60	-2,043
237,98	-1,915
238,35	-2,456
238,73	-2,461
239,10	-1,996
239,47	-1,901
239,85	-1,384
240,22	-2,418
240,59	-2,183
240,96	-1,429
241,34	-0,599
241,71	-1,498
242,08	-2,059
242,46	-1,973
242,83	-0,715
243,20	-1,157
243,58	-1,252
243,95	-1,474
244,32	-0,257
244,70	-0,690
245,07	-0,828
245,44	-0,929
245,81	-1,073
246,19	-0,582
246,56	-1,112
246,93	-0,854
247,31	-1,184
247,68	-0,812
248,05	-0,653
248,42	-1,230
248,80	-1,150
249,17	-0,991
249,54	-1,236
249,91	-1,239
250,29	-0,740
250,66	-1,143
251,03	-1,126
251,40	-0,770
251,78	-0,413
252,15	-0,609
252,52	-0,937
252,89	-0,967
253,26	-0,858
253,64	-0,732
254,01	-0,830
254,38	-0,516
254,75	-0,504
255,12	0,152
255,50	-0,431
255,87	-0,967
256,24	-0,362
256,61	0,004
256,98	-0,567
257,36	-0,278
257,73	-0,939
258,10	-0,525
258,47	-0,204
258,84	-0,463
259,22	-0,128
259,59	-0,635
259,96	-0,413
260,33	0,090
260,70	-0,503
261,07	-0,465
261,45	-0,376
261,82	-0,068
262,19	-0,384
262,56	-0,503
262,93	-0,319
263,30	-0,009
263,67	-0,601
264,04	-0,177
264,42	-0,307
264,79	-0,227
265,16	-0,226
265,53	-0,242
265,90	-0,593
266,27	-0,105
266,64	0,087
267,01	-0,043
267,39	-0,438
267,76	-0,234
268,13	-0,284
268,50	-0,438
268,87	-0,210
269,24	-0,694
269,61	-0,298
269,98	-0,366
270,35	-0,181
270,72	-0,158
271,09	-0,218
271,46	-0,241
271,84	-0,215
272,21	-0,104
272,58	-0,348
272,95	-0,549
273,32	0,000
273,69	-0,306
274,06	-0,533
274,43	-0,484
274,80	-0,104
275,17	-0,170
275,54	-0,079
275,91	-0,353
276,28	-0,189
276,65	-0,667
277,02	-0,647
277,39	-0,377
277,76	-0,431
278,13	-0,229
278,50	-0,637
278,87	-0,311
279,24	-0,325
279,61	-0,305
279,98	-0,056
280,35	-0,415
280,72	-0,485
281,09	-0,351
281,46	-0,492
281,83	-0,013
282,20	-0,573
282,57	-0,727
282,94	-0,500
283,31	-0,320
283,68	-0,390
284,05	-0,561
284,42	-0,359
284,79	-0,711
285,16	-0,430
285,53	-0,339
285,90	-0,180
286,27	-0,209
286,64	-0,290
287,00	-0,160
287,37	-0,180
287,74	-0,247
288,11	-0,579
288,48	-0,070
288,85	-0,335
289,22	-0,390
289,59	-0,221
289,96	-0,470
290,33	-0,742
290,70	-0,485
291,07	-0,398
291,43	-0,592
291,80	-0,304
292,17	-0,413
292,54	-0,281
292,91	-0,204
293,28	-0,372
293,65	-0,276
294,02	-0,257
294,38	-0,485
294,75	-0,717
295,12	-0,599
295,49	-0,296
295,86	-0,293
296,23	-0,509
296,60	-0,235
296,96	-0,269
297,33	-0,486
297,70	-0,371
298,07	-0,295
298,44	-0,181
298,81	-0,528
299,17	-0,368
299,54	-0,139
299,91	-0,410
300,28	-0,239
300,65	-0,103
301,02	-0,202
301,38	-0,364
301,75	-0,617
302,12	-0,291
302,49	-0,608
302,86	-0,438
303,22	-0,190
303,59	-0,665
303,96	-0,146
304,33	-0,324
304,69	-0,398
305,06	-0,275
305,43	-0,563
305,80	-0,415
306,17	-0,424
306,53	-0,057
306,90	-0,605
307,27	-0,517
307,64	-0,428
308,00	-0,055
308,37	-0,488
308,74	-0,310
309,11	-0,311
309,47	-0,385
309,84	-0,280
310,21	-0,446
310,57	-0,424
310,94	-0,692
311,31	-0,234
311,68	-0,694
312,04	-0,465
312,41	0,082
312,78	-0,317
313,14	-0,534
313,51	-0,261
313,88	-0,461
314,25	-0,414
314,61	-0,532
314,98	-0,469
315,35	-0,613
315,71	-0,491
316,08	-0,364
316,45	-0,701
316,81	-0,146
317,18	-0,205
317,55	-0,655
317,91	-0,123
318,28	-0,471
318,65	-0,639
319,01	-0,239
319,38	-0,458
319,75	-0,081
320,11	-0,312
320,48	0,017
320,84	-0,426
321,21	0,050
321,58	-0,147
321,94	-0,553
322,31	-0,763
322,68	-0,241
323,04	-0,703
323,41	-0,608
323,77	-0,212
324,14	-0,659
324,51	-0,720
324,87	-0,265
325,24	-0,634
325,60	-0,367
325,97	-0,562
326,33	-0,283
326,70	-0,003
327,07	-0,435
327,43	-0,299
327,80	-0,086
328,16	-0,402
328,53	-0,483
328,89	-0,209
329,26	-0,579
329,63	-0,686
329,99	-0,209
330,36	-0,472
330,72	-0,779
331,09	-0,390
331,45	-0,094
331,82	-0,647
332,18	-0,269
332,55	-0,539
332,91	-0,742
333,28	-0,736
333,64	-0,540
334,01	-0,266
334,37	-0,126
334,74	-0,257
335,10	-0,512
335,47	-0,552
335,83	-0,671
336,20	-0,655
336,56	-0,493
336,93	-0,287
337,29	-0,330
337,66	-0,529
338,02	-0,574
338,39	-0,710
338,75	0,020
339,12	-0,418
339,48	-0,422
339,85	-0,612
340,21	-0,188
340,57	-0,468
340,94	-0,081
341,30	-0,781
341,67	-0,384
342,03	-0,632
342,40	-0,424
342,76	-0,569
343,13	0,020
343,49	-0,229
343,85	-0,508
344,22	-0,689
344,58	-0,141
344,95	-0,374
345,31	-0,036
345,67	-0,463
346,04	-0,641
346,40	-0,356
346,77	-0,268
347,13	-0,378
347,49	-0,411
347,86	-0,427
348,22	-0,391
348,58	-0,446
348,95	-0,551
349,31	-0,208
349,68	-0,558
350,04	-0,228
350,40	-0,227
350,77	-0,532
351,13	0,206
351,49	-0,276
351,86	-0,129
352,22	-0,866
352,58	-0,409
352,95	-0,542
353,31	0,095
353,67	-0,204
354,04	-0,119
354,40	-0,017
354,76	-0,270
355,13	0,030
355,49	0,177
355,85	-0,189
356,21	-0,167
356,58	-0,249
356,94	-0,329
357,30	-0,507
357,67	0,049
358,03	0,365
358,39	-0,650
358,75	0,108
359,12	0,122
359,48	-0,119
359,84	0,196
360,21	-0,120
360,57	-0,276
360,93	-0,102
361,29	0,082
361,66	0,263
362,02	0,172
362,38	-0,043
362,74	0,518
363,10	0,802
363,47	-0,242
363,83	0,007
364,19	0,183
364,55	-0,007
364,92	0,387
365,28	-0,147
365,64	0,199
366,00	0,205
366,36	0,609
366,73	0,668
367,09	0,724
367,45	0,273
367,81	0,540
368,17	0,564
368,54	0,444
368,90	0,619
369,26	0,833
369,62	0,208
369,98	0,860
370,34	0,818
370,71	0,750
371,07	0,928
371,43	0,486
371,79	0,868
372,15	1,313
372,51	1,096
372,87	1,277
373,24	0,987
373,60	1,709
373,96	1,311
374,32	1,196
374,68	1,557
375,04	1,455
375,40	1,542
375,76	2,090
376,12	1,523
376,49	2,003
376,85	1,864
377,21	2,329
377,57	2,116
377,93	2,165
378,29	2,166
378,65	2,423
379,01	1,929
379,37	2,611
379,73	3,068
380,09	2,986
380,45	3,338
380,81	2,791
381,18	3,177
381,54	3,352
381,90	2,977
382,26	3,580
382,62	3,483
382,98	3,579
383,34	3,451
383,70	4,120
384,06	4,342
384,42	4,237
384,78	4,432
385,14	4,056
385,50	4,688
385,86	4,550
386,22	4,601
386,58	4,921
386,94	4,863
387,30	5,426
387,66	5,713
388,02	5,787
388,38	5,688
388,74	6,063
389,10	5,879
389,46	6,964
389,82	6,623
390,18	7,117
390,54	6,835
390,90	7,618
391,26	7,605
391,62	7,579
391,97	7,895
392,33	8,001
392,69	8,011
393,05	8,545
393,41	8,956
393,77	8,778
394,13	8,989
394,49	9,380
394,85	9,258
395,21	9,637
395,57	9,693
395,93	9,985
396,29	9,972
396,64	10,250
397,00	10,905
397,36	11,063
397,72	11,667
398,08	11,784
398,44	11,959
398,80	11,681
399,16	12,081
399,51	12,472
399,87	12,596
400,23	12,531
400,59	13,510
400,95	13,146
401,31	13,610
401,67	13,521
402,02	13,599
402,38	14,659
402,74	14,356
403,10	14,638
403,46	14,667
403,82	15,388
404,17	15,087
404,53	15,609
404,89	15,928
405,25	16,508
405,61	16,052
405,96	16,903
406,32	17,098
406,68	16,845
407,04	16,625
407,40	17,487
407,75	17,127
408,11	18,178
408,47	18,149
408,83	18,519
409,19	18,542
409,54	19,326
409,90	18,668
410,26	19,009
410,62	18,902
410,97	19,368
411,33	19,104
411,69	19,912
412,05	19,781
412,40	20,805
412,76	20,887
413,12	20,903
413,47	20,869
413,83	20,760
414,19	20,701
414,55	22,216
414,90	20,965
415,26	21,551
415,62	21,845
415,97	21,579
416,33	21,975
416,69	22,440
417,04	22,268
417,40	23,042
417,76	22,920
418,12	22,289
418,47	22,233
418,83	22,967
419,19	23,226
419,54	23,233
419,90	23,434
420,25	23,660
420,61	24,109
420,97	23,980
421,32	23,839
421,68	24,007
422,04	23,455
422,39	24,428
422,75	24,816
423,11	24,776
423,46	24,576
423,82	24,289
424,17	25,212
424,53	24,775
424,89	25,302
425,24	25,302
425,60	24,856
425,95	24,448
426,31	24,940
426,67	26,095
427,02	25,149
427,38	26,342
427,73	25,634
428,09	25,868
428,44	25,702
428,80	26,249
429,16	26,392
429,51	27,019
429,87	26,082
430,22	27,123
430,58	27,126
430,93	27,615
431,29	26,119
431,64	26,494
432,00	26,562
432,35	26,584
432,71	26,950
433,06	27,140
433,42	26,906
433,77	27,122
434,13	27,451
434,48	26,407
434,84	26,572
435,19	26,529
435,55	27,104
435,90	27,054
436,26	28,577
436,61	26,714
436,97	27,536
437,32	26,962
437,68	27,202
438,03	27,395
438,39	27,059
438,74	27,061
439,10	28,743
439,45	27,431
439,81	27,623
440,16	26,891
440,51	26,734
440,87	27,779
441,22	28,173
441,58	26,568
441,93	28,031
442,29	28,000
442,64	27,303
442,99	27,801
443,35	29,235
443,70	28,006
444,06	26,698
444,41	26,863
444,76	26,924
445,12	27,431
445,47	28,309
445,82	27,757
446,18	27,587
446,53	27,058
446,89	23,311
447,24	24,468
447,59	26,066
447,95	26,773
448,30	26,978
448,65	27,018
449,01	26,052
449,36	26,135
449,71	24,458
450,07	26,558
450,42	26,474
450,77	25,445
451,13	23,649
451,48	26,508
451,83	26,205
452,19	27,977
452,54	28,322
452,89	28,733
453,25	27,019
453,60	28,712
453,95	29,307
454,30	28,731
454,66	29,279
455,01	31,037
455,36	33,255
455,71	29,326
456,07	31,017
456,42	30,228
456,77	32,926
457,13	31,028
457,48	30,431
457,83	31,816
458,18	31,876
458,53	32,816
458,89	33,339
459,24	32,923
459,59	31,627
459,94	32,076
460,30	30,956
460,65	32,288
461,00	33,477
461,35	33,759
461,70	33,786
462,06	33,495
462,41	33,220
462,76	32,572
463,11	33,994
463,46	33,020
463,82	34,063
464,17	33,281
464,52	34,539
464,87	33,442
465,22	35,362
465,57	35,131
465,93	34,397
466,28	33,897
466,63	34,267
466,98	34,606
467,33	35,640
467,68	33,750
468,03	36,101
468,39	35,647
468,74	35,813
469,09	35,373
469,44	35,867
469,79	34,952
470,14	36,580
470,49	35,630
470,84	36,529
471,19	36,212
471,55	36,919
471,90	35,552
472,25	35,338
472,60	36,932
472,95	34,047
473,30	35,748
473,65	35,317
474,00	36,187
474,35	36,401
474,70	36,115
475,05	35,402
475,40	34,948
475,75	35,366
476,10	34,538
476,45	33,770
476,80	34,048
477,15	32,860
477,50	33,239
477,85	33,624
478,21	34,407
478,56	33,727
478,91	35,375
479,26	34,231
479,61	33,954
479,96	35,299
480,31	33,774
480,66	33,232
481,00	31,807
481,35	34,464
481,70	33,730
482,05	35,239
482,40	33,430
482,75	33,570
483,10	35,218
483,45	34,813
483,80	33,239
484,15	34,310
484,50	34,974
484,85	34,479
485,20	35,525
485,55	35,939
485,90	36,836
486,25	34,932
486,60	36,193
486,95	37,190
487,30	36,434
487,64	36,458
487,99	36,320
488,34	37,148
488,69	35,864
489,04	36,475
489,39	36,017
489,74	37,590
490,09	36,184
490,44	37,089
490,78	35,982
491,13	37,218
491,48	37,041
491,83	38,029
492,18	38,409
492,53	38,633
492,88	36,957
493,22	36,385
493,57	36,595
493,92	37,000
494,27	37,969
494,62	40,078
494,97	38,215
495,31	38,348
495,66	37,475
496,01	40,426
496,36	36,077
496,71	38,266
497,05	37,048
497,40	36,827
497,75	36,359
498,10	37,954
498,45	39,607
498,79	38,021
499,14	36,779
499,49	37,041
499,84	40,601
500,18	38,538
500,53	37,854
500,88	37,915
501,23	37,372
501,57	38,757
501,92	40,341
502,27	38,609
502,62	40,714
502,96	39,830
503,31	41,557
503,66	40,858
504,00	39,302
504,35	41,004
504,70	39,574
505,05	41,046
505,39	40,608
505,74	40,888
506,09	38,584
506,43	39,944
506,78	41,076
507,13	40,534
507,47	39,710
507,82	40,626
508,17	40,197
508,51	41,616
508,86	41,910
509,21	42,134
509,55	42,213
509,90	42,768
510,25	41,176
510,59	41,678
510,94	41,740
511,29	41,958
511,63	41,913
511,98	41,133
512,32	40,088
512,67	38,420
513,02	39,769
513,36	41,187
513,71	40,025
514,05	38,831
514,40	40,438
514,75	39,300
515,09	39,205
515,44	38,996
515,78	39,499
516,13	38,976
516,48	37,353
516,82	38,299
517,17	39,432
517,51	39,937
517,86	37,974
518,20	38,966
518,55	36,900
518,89	39,701
519,24	39,161
519,58	38,888
519,93	39,047
520,27	38,877
520,62	38,813
520,96	39,854
521,31	37,170
521,66	39,012
522,00	38,653
522,35	39,547
522,69	40,419
523,03	39,274
523,38	39,663
523,72	38,902
524,07	40,710
524,41	40,851
524,76	38,736
525,10	40,621
525,45	39,531
525,79	40,679
526,14	37,718
526,48	38,007
526,83	41,128
527,17	42,872
527,51	40,054
527,86	40,485
528,20	38,723
528,55	42,110
528,89	39,936
529,24	37,606
529,58	39,968
529,92	36,718
530,27	42,278
530,61	38,606
530,96	38,318
531,30	38,744
531,64	37,819
531,99	38,901
532,33	38,888
532,67	41,269
533,02	37,659
533,36	38,860
533,71	37,456
534,05	34,755
534,39	39,400
534,74	36,970
535,08	40,023
535,42	39,778
535,77	39,713
536,11	39,024
536,45	38,260
536,80	36,168
537,14	37,347
537,48	38,072
537,82	38,002
538,17	38,554
538,51	37,850
538,85	38,951
539,20	37,771
539,54	38,084
539,88	38,973
540,22	38,335
540,57	37,239
540,91	40,045
541,25	40,817
541,60	38,366
541,94	38,377
542,28	39,103
542,62	39,065
542,97	41,027
543,31	39,969
543,65	38,570
543,99	38,448
544,33	38,714
544,68	38,125
545,02	36,904
545,36	38,181
545,70	39,991
546,05	39,240
546,39	38,735
546,73	38,993
547,07	40,134
547,41	38,536
547,75	38,739
548,10	36,501
548,44	39,331
548,78	40,416
549,12	40,908
549,46	39,423
549,80	37,754
550,15	40,896
550,49	40,626
550,83	38,910
551,17	38,450
551,51	40,203
551,85	39,196
552,19	40,025
552,54	42,487
552,88	41,566
553,22	40,277
553,56	39,996
553,90	40,345
554,24	38,735
554,58	38,306
554,92	39,704
555,26	40,132
555,60	40,253
555,95	42,423
556,29	40,712
556,63	40,807
556,97	39,799
557,31	39,017
557,65	38,596
557,99	39,627
558,33	39,883
558,67	40,032
559,01	39,607
559,35	39,073
559,69	39,233
560,03	43,216
560,37	40,578
560,71	41,098
561,05	38,861
561,39	42,403
561,73	41,012
562,07	41,954
562,41	42,529
562,75	43,423
563,09	42,107
563,43	39,536
563,77	38,216
564,11	41,517
564,45	39,013
564,79	38,834
565,13	41,173
565,47	40,076
565,81	42,122
566,15	39,686
566,49	39,735
566,83	38,116
567,17	40,454
567,51	42,104
567,85	40,602
568,19	41,034
568,52	43,050
568,86	42,404
569,20	39,093
569,54	40,672
569,88	39,135
570,22	42,550
570,56	39,630
570,90	40,494
571,24	43,786
571,57	41,095
571,91	39,241
572,25	39,673
572,59	40,950
572,93	39,669
573,27	41,115
573,61	39,615
573,95	42,060
574,28	41,191
574,62	41,801
574,96	41,374
575,30	40,405
575,64	39,153
575,97	43,837
576,31	40,856
576,65	40,021
576,99	42,234
577,33	41,110
577,67	40,572
578,00	41,785
578,34	41,644
578,68	41,071
579,02	41,418
579,35	42,908
579,69	41,626
580,03	42,255
580,37	42,135
580,71	41,395
581,04	40,590
581,38	40,406
581,72	40,725
582,06	41,695
582,39	41,600
582,73	41,930
583,07	40,474
583,40	43,457
583,74	41,814
584,08	40,840
584,42	40,410
584,75	42,191
585,09	42,451
585,43	40,624
585,76	41,705
586,10	40,525
586,44	40,479
586,77	40,107
587,11	39,795
587,45	40,918
587,78	41,238
588,12	39,484
588,46	43,363
588,79	41,144
589,13	41,324
589,47	40,520
589,80	40,313
590,14	41,853
590,48	41,153
590,81	42,423
591,15	39,440
591,48	41,656
591,82	41,656
592,16	39,366
592,49	43,294
592,83	43,346
593,16	40,426
593,50	40,722
593,84	39,777
594,17	39,599
594,51	40,154
594,84	42,076
595,18	40,891
595,51	40,466
595,85	43,163
596,19	39,944
596,52	42,880
596,86	42,496
597,19	40,471
597,53	42,417
597,86	41,222
598,20	39,211
598,53	41,145
598,87	41,285
599,20	40,520
599,54	41,136
599,87	40,417
600,21	43,571
600,54	40,583
600,88	37,472
601,21	42,089
601,55	40,507
601,88	36,901
602,22	41,252
602,55	40,325
602,89	40,446
603,22	41,368
603,56	42,090
603,89	42,045
604,23	40,950
604,56	38,864
604,89	40,869
605,23	41,140
605,56	43,071
605,90	40,870
606,23	40,660
606,56	43,074
606,90	42,069
607,23	41,221
607,57	43,033
607,90	40,255
608,23	40,961
608,57	39,385
608,90	40,649
609,24	41,911
609,57	41,892
609,90	39,727
610,24	40,151
610,57	40,673
610,90	39,742
611,24	41,308
611,57	41,612
611,90	39,121
612,24	41,680
612,57	38,818
612,90	41,968
613,24	41,831
613,57	43,306
613,90	39,081
614,24	39,322
614,57	40,747
614,90	41,785
615,24	39,986
615,57	42,114
615,90	41,620
616,23	40,112
616,57	39,018
616,90	42,074
617,23	41,463
617,57	38,860
617,90	42,812
618,23	40,199
618,56	41,046
618,90	39,776
619,23	40,840
619,56	40,985
619,89	41,839
620,22	43,161
620,56	42,148
620,89	41,345
621,22	41,897
621,55	41,293
621,89	41,063
622,22	41,426
622,55	41,671
622,88	38,832
623,21	42,898
623,54	42,489
623,88	40,066
624,21	42,348
624,54	41,880
624,87	41,210
625,20	38,702
625,53	41,432
625,87	40,534
626,20	41,946
626,53	40,545
626,86	43,014
627,19	40,702
627,52	42,473
627,85	39,461
628,18	44,646
628,52	41,496
628,85	40,174
629,18	44,337
629,51	41,583
629,84	39,576
630,17	40,176
630,50	41,568
630,83	39,487
631,16	42,195
631,49	41,809
631,82	41,235
632,15	42,725
632,49	40,067
632,82	41,946
633,15	41,761
633,48	41,597
633,81	41,560
634,14	44,599
634,47	39,777
634,80	43,018
635,13	39,842
635,46	40,713
635,79	40,875
636,12	42,246
636,45	42,313
636,78	40,675
637,11	41,406
637,44	40,942
637,77	43,405
638,10	42,231
638,43	41,890
638,76	41,669
639,09	44,549
639,42	41,645
639,75	38,797
640,07	40,183
640,40	39,935
640,73	41,001
641,06	41,360
641,39	39,993
641,72	41,711
642,05	41,947
642,38	44,315
642,71	40,233
643,04	41,884
643,37	39,835
643,70	41,021
644,02	44,304
644,35	44,189
644,68	41,181
645,01	42,642
645,34	40,595
645,67	41,925
646,00	41,726
646,33	41,637
646,65	42,095
646,98	39,239
647,31	38,966
647,64	42,370
647,97	41,220
648,30	40,758
648,62	40,746
648,95	42,293
649,28	43,664
649,61	40,796
649,94	41,335
650,26	41,174
650,59	41,343
650,92	42,495
651,25	40,782
651,58	43,559
651,90	43,214
652,23	42,486
652,56	41,876
652,89	38,522
653,21	42,610
653,54	41,452
653,87	42,534
654,20	41,931
654,52	41,480
654,85	43,373
655,18	41,942
655,51	42,900
655,83	42,071
656,16	41,232
656,49	42,251
656,81	40,373
657,14	41,320
657,47	41,465
657,80	42,663
658,12	42,348
658,45	42,145
658,78	41,801
659,10	39,807
659,43	42,491
659,76	40,795
660,08	40,965
660,41	41,751
660,74	41,963
661,06	40,345
661,39	40,443
661,71	42,972
662,04	39,890
662,37	40,892
662,69	41,172
663,02	40,229
663,35	41,443
663,67	40,719
664,00	42,529
664,32	42,145
664,65	43,166
664,97	41,544
665,30	40,025
665,63	40,647
665,95	41,695
666,28	39,697
666,60	42,245
666,93	42,997
667,25	41,535
667,58	43,601
667,91	39,775
668,23	41,476
668,56	39,352
668,88	39,903
669,21	39,814
669,53	41,620
669,86	40,709
670,18	41,954
670,51	41,291
670,83	42,243
671,16	38,163
671,48	40,431
671,81	41,872
672,13	41,607
672,46	38,631
672,78	40,783
673,11	42,455
673,43	42,130
673,75	39,894
674,08	39,815
674,40	42,857
674,73	41,212
675,05	39,338
675,38	38,710
675,70	40,345
676,02	43,321
676,35	41,267
676,67	40,884
677,00	40,455
677,32	42,991
677,65	38,196
677,97	41,874
678,29	39,792
678,62	39,358
678,94	44,099
679,26	41,339
679,59	37,690
679,91	40,132
680,23	39,850
680,56	39,614
680,88	37,243
681,21	40,976
681,53	42,023
681,85	40,868
682,18	41,944
682,50	38,639
682,82	40,258
683,14	39,278
683,47	39,742
683,79	40,278
684,11	39,385
684,44	40,944
684,76	39,996
685,08	39,569
685,41	37,125
685,73	38,488
686,05	39,957
686,37	38,975
686,70	42,193
687,02	37,995
687,34	41,201
687,66	41,301
687,99	41,527
688,31	42,020
688,63	40,170
688,95	40,646
689,27	40,651
689,60	40,004
689,92	36,819
690,24	38,698
690,56	40,243
690,89	41,014
691,21	38,200
691,53	39,183
691,85	37,520
692,17	39,400
692,49	38,599
692,82	36,460
693,14	39,013
693,46	41,541
693,78	39,249
694,10	40,859
694,42	39,916
694,74	40,323
695,07	40,854
695,39	38,572
695,71	41,199
696,03	38,510
696,35	38,499
696,67	40,605
696,99	38,070
697,31	38,463
697,63	38,827
697,96	38,042
698,28	39,891
698,60	37,129
698,92	36,773
699,24	40,479
699,56	40,478
699,88	37,987
700,20	36,706
700,52	39,046
700,84	37,756
701,16	37,729
701,48	38,886
701,80	37,112
702,12	37,852
702,44	39,333
702,76	36,012
703,08	41,381
703,40	38,044
703,72	37,324
704,04	36,782
704,36	36,318
704,68	39,116
705,00	42,102
705,32	38,109
705,64	38,153
705,96	39,514
706,28	38,320
706,60	35,620
706,92	36,290
707,24	37,638
707,56	37,896
707,88	37,447
708,20	34,783
708,52	38,017
708,84	38,033
709,15	39,077
709,47	37,331
709,79	36,036
710,11	39,299
710,43	34,134
710,75	37,682
711,07	37,968
711,39	38,915
711,71	37,030
712,02	37,338
712,34	39,447
712,66	35,212
712,98	36,500
713,30	37,626
713,62	36,137
713,94	38,197
714,25	38,365
714,57	37,916
714,89	38,991
715,21	39,249
715,53	38,599
715,84	37,300
716,16	40,272
716,48	35,593
716,80	39,111
717,12	35,439
717,43	36,295
717,75	40,793
718,07	36,798
718,39	36,334
718,70	37,941
719,02	37,631
719,34	36,771
719,66	37,543
719,97	36,828
720,29	35,444
720,61	37,309
720,93	35,751
721,24	36,726
721,56	36,251
721,88	35,645
722,19	34,103
722,51	34,723
722,83	34,551
723,15	36,589
723,46	35,720
723,78	35,935
724,10	34,173
724,41	38,161
724,73	35,384
725,05	34,433
725,36	33,749
725,68	35,694
726,00	33,353
726,31	36,536
726,63	35,426
726,94	36,017
727,26	32,001
727,58	32,445
727,89	37,330
728,21	34,767
728,53	34,227
728,84	33,080
729,16	34,988
729,47	32,954
729,79	36,942
730,10	35,213
730,42	34,946
730,74	36,750
731,05	33,129
731,37	34,600
731,68	32,697
732,00	31,609
732,31	32,566
732,63	36,802
732,94	33,915
733,26	37,151
733,57	33,822
733,89	34,723
734,21	34,914
734,52	34,865
734,84	32,742
735,15	32,916
735,47	32,821
735,78	34,218
736,09	30,556
736,41	32,720
736,72	32,787
737,04	32,831
737,35	39,246
737,67	37,121
737,98	35,678
738,30	31,549
738,61	36,485
738,93	31,852
739,24	30,883
739,55	33,460
739,87	31,272
740,18	35,674
740,50	35,011
740,81	28,504
741,12	37,289
741,44	32,723
741,75	33,395
742,07	33,592
742,38	34,066
742,69	32,345
743,01	36,310
743,32	34,711
743,63	31,589
743,95	32,496
744,26	37,024
744,58	35,764
744,89	32,824
745,20	33,530
745,52	31,799
745,83	34,857
746,14	33,897
746,45	35,184
746,77	35,450
747,08	33,931
747,39	35,395
747,71	37,063
748,02	34,831
748,33	35,182
748,64	37,479
748,96	32,702
749,27	34,503
749,58	38,263
749,90	37,620
750,21	33,387
750,52	34,082
750,83	36,977
751,14	37,019
751,46	32,555
751,77	37,612
752,08	37,181
752,39	32,569
752,71	36,177
753,02	37,829
753,33	36,280
753,64	37,191
753,95	35,477
754,27	35,972
754,58	34,495
754,89	33,840
755,20	34,568
755,51	32,620
755,82	36,251
756,14	35,139
756,45	33,580
756,76	35,192
757,07	32,119
757,38	34,971
757,69	33,089
758,00	35,003
758,31	37,448
758,63	35,409
758,94	33,508
759,25	34,979
759,56	34,419
759,87	37,980
760,18	36,656
760,49	36,234
760,80	36,202
761,11	34,829
761,42	35,634
761,73	33,633
762,04	36,603
762,35	37,323
762,66	36,437
762,97	36,050
763,28	33,930
763,60	35,063
763,91	37,532
764,22	37,600
764,53	34,129
764,84	33,481
765,15	34,163
765,46	29,753
765,77	34,419
766,08	35,101
766,38	30,769
766,69	33,498
767,00	34,417
767,31	28,370
767,62	34,948
767,93	32,905
768,24	32,075
768,55	33,518
768,86	33,345
769,17	32,628
769,48	31,271
769,79	33,460
770,10	32,426
770,41	33,227
770,72	32,968
771,02	30,643
771,33	32,224
771,64	32,894
771,95	33,456
772,26	31,796
772,57	34,501
772,88	29,932
773,19	28,082
773,49	31,131
773,80	30,228
774,11	32,468
774,42	33,874
774,73	27,474
775,04	29,750
775,34	30,261
775,65	31,236
775,96	28,113
776,27	29,713
776,58	31,736
776,89	30,797
777,19	28,294
777,50	23,606
777,81	26,960
778,12	33,092
778,42	30,807
778,73	29,830
779,04	29,205
779,35	27,563
779,65	34,581
779,96	31,801
780,27	24,494
780,58	29,419
780,88	27,858
781,19	29,952
781,50	36,300
781,81	29,826
782,11	28,967
782,42	34,558
782,73	26,802
783,03	28,691
783,34	29,917
783,65	28,879
783,95	28,333
784,26	29,485
784,57	22,954
784,87	28,349
785,18	22,568
785,49	27,489
785,79	32,904
786,10	28,347
786,41	22,718
786,71	29,142
787,02	25,083
787,32	26,660
787,63	28,279
787,94	29,708
788,24	26,373
788,55	21,230
788,85	23,781
789,16	24,884
789,47	23,491
789,77	24,528
790,08	25,050
790,38	27,482
790,69	23,861
790,99	29,006
791,30	20,655
791,60	23,383
791,91	29,050
792,21	19,266
792,52	17,098
792,83	23,342
793,13	22,517
793,44	25,467
793,74	25,533
794,05	19,957
794,35	23,203
794,65	21,084
794,96	19,670
795,26	23,749
795,57	25,192
795,87	22,301
796,18	22,086
796,48	19,178
796,79	19,190
797,09	21,511
797,40	18,876
797,70	22,891
798,00	21,580
798,31	23,363
798,61	24,874
798,92	19,778
799,22	21,224
799,53	23,253
799,83	14,381
800,13	18,096
800,44	21,897
800,74	16,008
801,04	19,290
801,35	11,952
801,65	15,699
801,95	16,667
802,26	14,286
802,56	19,600
802,87	22,416
803,17	13,379
803,47	19,260
803,77	15,102
804,08	14,866
804,38	16,705
804,68	17,575
804,99	24,138
805,29	16,079
805,59	16,284
805,90	21,554
806,20	11,330
806,50	16,282
806,80	14,651
807,11	17,154
807,41	14,983
807,71	14,314
808,01	14,947
808,32	22,067
808,62	12,829
808,92	13,782
809,22	20,306
809,53	8,980
809,83	13,857
810,13	20,443
810,43	14,921
810,73	21,806
811,04	9,299
811,34	9,927
811,64	15,945
811,94	12,833
812,24	13,660
812,54	24,273
812,85	22,765
813,15	10,983
813,45	13,569
813,75	9,583
814,05	14,323
814,35	11,349
814,65	11,700
814,96	12,883
815,26	3,152
815,56	8,942
815,86	14,519
816,16	27,469
816,46	9,979
816,76	8,333
817,06	9,496
817,36	16,461
817,66	9,814
817,96	12,341
818,26	3,781
818,57	17,846
818,87	12,042
819,17	16,272
819,47	6,716
819,77	4,483
820,07	5,310
820,37	8,606
820,67	8,963
820,97	6,944
821,27	9,165
821,57	10,859
821,87	6,569
822,17	11,732
822,47	9,388
822,77	10,833
823,07	2,373
823,37	2,401
823,67	9,253
823,97	10,401
824,26	9,863
824,56	-2,059
824,86	9,469
825,16	15,907
825,46	21,665
825,76	8,574
826,06	3,649
826,36	8,658
826,66	6,218
826,96	10,202
827,26	7,251
827,56	5,093
827,85	-1,986
828,15	5,455
828,45	5,863
828,75	7,192
829,05	0,173
829,35	12,143
829,65	7,276
829,94	9,383
830,24	-3,086
830,54	14,080
830,84	6,934
831,14	0,495
831,44	11,662
831,73	2,944
832,03	5,662
832,33	6,230
832,63	3,269
832,93	-1,038
833,22	7,746
833,52	-3,280
833,82	12,719
834,12	1,107
834,41	3,601
834,71	7,852
835,01	-1,240
835,31	-1,772
835,60	1,944
835,90	9,053
836,20	1,307
836,49	4,307
836,79	6,161
837,09	-1,854
837,39	-0,195
837,68	13,059
837,98	1,641
838,28	-3,458
838,57	9,241
838,87	3,033
839,17	-2,807
839,46	-1,768
839,76	13,055
840,06	-6,758
840,35	6,931
840,65	0,449
840,95	-3,640
841,24	4,982
841,54	4,114
841,83	-3,786
842,13	14,299
842,43	-13,953
842,72	0,692
843,02	-8,980
843,31	9,871
843,61	6,763
843,91	-0,191
844,20	-5,562
844,50	-0,905
844,79	2,688
845,09	-12,283
845,38	-9,233
845,68	-4,367
845,98	6,861
846,27	2,634
846,57	1,556
846,86	-4,435
847,16	-8,325
847,45	-5,529
847,75	-0,900
848,04	-19,750
848,34	-15,764
848,63	-6,647
848,93	-19,042
849,22	-7,312
849,52	-9,462
849,81	2,224
850,10	-7,372
850,40	-5,895
850,69	-5,989
850,99	-12,456
851,28	-3,061
851,58	-0,394
851,87	-20,263
852,16	-5,058
852,46	-12,859
852,75	-1,592
853,05	-10,496
853,34	-4,145
853,63	-8,923
853,93	-19,699
854,22	-10,714
854,52	-13,530
854,81	-9,759
855,10	-9,268
855,40	-16,137
855,69	-3,247
855,98	0,369
856,28	-6,881
856,57	3,915
856,86	-11,232
857,16	-6,720
857,45	4,397
857,74	-17,191
858,04	-11,474
858,33	-12,589
858,62	-6,311
858,92	-13,223
859,21	-16,612
859,50	-27,599
859,79	-12,606
860,09	-9,649
860,38	-4,673
860,67	-11,685
860,96	-12,676
861,26	-4,583
861,55	-8,976
861,84	-8,592
862,13	-17,143
862,43	-10,181
862,72	1,860
863,01	-11,899
863,30	-17,843
863,59	-18,436
863,89	-34,994
864,18	-13,317
864,47	-8,827
864,76	-10,432
865,05	-12,811
865,34	-28,025
865,64	-16,606
865,93	-14,641
866,22	-25,811
866,51	-12,465
866,80	-0,564
867,09	-36,000
867,38	-11,083
867,67	9,559
867,97	-24,704
868,26	-42,857
868,55	-15,839
868,84	-32,075
869,13	-41,335
869,42	-16,529
869,71	-11,538
870,00	-33,333
870,29	-14,993
870,58	-13,878
870,87	-19,559
871,16	-11,529
871,45	-32,182
871,74	-23,786
872,04	-46,098
872,33	-35,025
872,62	-49,196
872,91	-32,578
873,20	-6,068
873,49	-28,707
873,78	-28,707
874,07	-28,707
