180,12	19566,667
180,49	19566,667
180,87	19566,667
181,25	-442,500
181,63	-2461,905
182,01	-727,397
182,38	-2310,000
182,76	-675,581
183,14	-316,923
183,52	-11200,000
183,89	1192,683
184,27	-258,400
184,65	47500,000
185,03	-2518,182
185,40	-785,075
185,78	-369,421
186,16	-5377,778
186,54	-1305,556
186,91	3258,824
187,29	-1090,698
187,67	-711,864
188,05	534,694
188,42	-340,741
188,80	-1100,000
189,18	-127,660
189,56	-133,121
189,93	-274,242
190,31	-292,398
190,69	-228,571
191,06	-427,132
191,44	-198,905
191,82	-140,323
192,20	-176,210
192,57	-183,691
192,95	-223,333
193,33	-377,852
193,70	-239,271
194,08	-393,631
194,46	-208,383
194,83	-156,598
195,21	-360,417
195,59	-161,224
195,96	-191,453
196,34	-134,545
196,72	-221,795
197,09	-160,669
197,47	-152,817
197,85	-120,202
198,22	-155,090
198,60	-275,824
198,98	-287,578
199,35	-159,316
199,73	-255,056
200,11	-169,076
200,48	-156,569
200,86	-142,353
201,24	-145,139
201,61	-203,139
201,99	-152,399
202,37	-323,899
202,74	-219,772
203,12	-173,047
203,49	-161,511
203,87	-143,094
204,25	-179,654
204,62	-321,622
205,00	-170,039
205,37	-156,081
205,75	-151,957
206,13	-176,119
206,50	-118,485
206,88	-341,722
207,25	-123,662
207,63	-120,988
208,01	-283,058
208,38	-157,785
208,76	-91,105
209,13	-99,524
209,51	-157,951
209,88	-191,638
210,26	-181,685
210,64	-173,913
211,01	-117,919
211,39	-129,684
211,76	-130,997
212,14	-140,751
212,51	-141,209
212,89	-146,132
213,26	-97,902
213,64	-107,767
214,02	-106,652
214,39	-136,010
214,77	-72,459
215,14	-60,976
215,52	-78,066
215,89	-44,218
216,27	-37,859
216,64	-34,768
217,02	-49,162
217,39	-37,057
217,77	-36,775
218,14	-24,217
218,52	-28,300
218,89	-22,720
219,27	-20,604
219,64	-22,476
220,02	-22,175
220,39	-24,819
220,77	-21,310
221,14	-9,974
221,52	-21,185
221,89	-14,159
222,27	-13,241
222,64	-15,594
223,02	-16,967
223,39	-12,039
223,77	-10,644
224,14	-6,552
224,51	-9,492
224,89	-8,489
225,26	-8,805
225,64	-9,585
226,01	-9,065
226,39	-8,182
226,76	-9,334
227,14	-8,180
227,51	-6,540
227,88	-5,449
228,26	-5,672
228,63	-6,164
229,01	-4,895
229,38	-6,627
229,75	-4,387
230,13	-5,640
230,50	-4,796
230,88	-5,219
231,25	-3,663
231,63	-3,008
232,00	-3,419
232,37	-3,728
232,75	-3,009
233,12	-3,217
233,49	-3,740
233,87	-3,612
234,24	-3,798
234,62	-2,107
234,99	-2,886
235,36	-1,659
235,74	-2,899
236,11	-3,280
236,48	-2,078
236,86	-1,160
237,23	-2,340
237,60	-1,910
237,98	-2,245
238,35	-2,173
238,73	-1,816
239,10	-1,558
239,47	-2,124
239,85	-1,020
240,22	-2,272
240,59	-1,728
240,96	-1,463
241,34	-0,846
241,71	-1,408
242,08	-0,969
242,46	-1,942
242,83	-1,029
243,20	-0,672
243,58	-1,355
243,95	-0,780
244,32	-0,428
244,70	-0,958
245,07	-0,659
245,44	-0,250
245,81	-0,448
246,19	-0,495
246,56	-0,934
246,93	-1,184
247,31	-0,714
247,68	-0,812
248,05	-0,689
248,42	-0,676
248,80	-0,645
249,17	-0,332
249,54	-1,315
249,91	-0,742
250,29	-0,518
250,66	-0,612
251,03	-0,632
251,40	-0,507
251,78	-0,225
252,15	-0,609
252,52	-0,096
252,89	-0,510
253,26	-0,162
253,64	-0,440
254,01	-0,469
254,38	-0,331
254,75	-0,220
255,12	0,045
255,50	-0,161
255,87	-0,396
256,24	0,149
256,61	0,154
256,98	-0,215
257,36	0,303
257,73	-0,508
258,10	-0,004
258,47	-0,021
258,84	-0,223
259,22	0,054
259,59	-0,140
259,96	-0,023
260,33	0,552
260,70	-0,000
261,07	0,080
261,45	-0,166
261,82	0,243
262,19	-0,133
262,56	0,107
262,93	0,033
263,30	0,427
263,67	-0,148
264,04	-0,099
264,42	0,165
264,79	0,206
265,16	0,173
265,53	-0,015
265,90	0,018
266,27	-0,018
266,64	0,000
267,01	0,185
267,39	0,268
267,76	0,226
268,13	0,077
268,50	-0,160
268,87	-0,242
269,24	0,079
269,61	0,290
269,98	-0,119
270,35	0,067
270,72	0,116
271,09	0,260
271,46	0,048
271,84	0,127
272,21	0,275
272,58	-0,158
272,95	-0,252
273,32	0,186
273,69	0,294
274,06	-0,247
274,43	-0,259
274,80	0,348
275,17	0,337
275,54	0,009
275,91	0,101
276,28	0,108
276,65	-0,130
277,02	-0,154
277,39	0,248
277,76	-0,186
278,13	0,383
278,50	-0,094
278,87	-0,099
279,24	-0,166
279,61	-0,396
279,98	0,406
280,35	-0,053
280,72	-0,123
281,09	0,194
281,46	-0,186
281,83	0,116
282,20	-0,124
282,57	-0,207
282,94	-0,131
283,31	-0,062
283,68	-0,232
284,05	-0,172
284,42	0,025
284,79	-0,436
285,16	0,053
285,53	0,112
285,90	0,074
286,27	0,300
286,64	0,154
287,00	0,702
287,37	0,494
287,74	-0,020
288,11	-0,023
288,48	0,227
288,85	0,003
289,22	-0,014
289,59	0,185
289,96	-0,066
290,33	-0,074
290,70	0,033
291,07	-0,016
291,43	0,287
291,80	0,133
292,17	-0,280
292,54	-0,016
292,91	0,263
293,28	0,107
293,65	0,040
294,02	0,311
294,38	-0,253
294,75	-0,048
295,12	0,382
295,49	0,315
295,86	0,093
296,23	0,043
296,60	0,230
296,96	0,207
297,33	0,215
297,70	0,245
298,07	0,252
298,44	0,116
298,81	-0,070
299,17	0,203
299,54	0,443
299,91	0,133
300,28	0,483
300,65	0,425
301,02	0,442
301,38	0,216
301,75	-0,232
302,12	-0,060
302,49	0,027
302,86	0,223
303,22	0,571
303,59	0,125
303,96	0,441
304,33	0,579
304,69	0,588
305,06	0,444
305,43	0,014
305,80	0,022
306,17	0,003
306,53	0,478
306,90	0,193
307,27	0,217
307,64	0,147
308,00	0,632
308,37	0,469
308,74	0,482
309,11	0,330
309,47	0,230
309,84	0,383
310,21	0,554
310,57	0,165
310,94	0,014
311,31	0,359
311,68	0,091
312,04	0,256
312,41	0,333
312,78	-0,034
313,14	0,017
313,51	0,490
313,88	0,150
314,25	0,141
314,61	-0,014
314,98	0,282
315,35	0,160
315,71	0,241
316,08	0,424
316,45	0,270
316,81	0,362
317,18	0,417
317,55	0,046
317,91	0,507
318,28	0,454
318,65	0,003
319,01	0,148
319,38	0,111
319,75	0,395
320,11	0,216
320,48	0,452
320,84	0,234
321,21	0,356
321,58	0,330
321,94	0,395
322,31	0,305
322,68	0,322
323,04	0,210
323,41	-0,074
323,77	0,413
324,14	0,349
324,51	0,185
324,87	0,303
325,24	0,302
325,60	0,032
325,97	0,364
326,33	0,240
326,70	0,581
327,07	0,031
327,43	0,082
327,80	0,295
328,16	0,314
328,53	-0,049
328,89	0,497
329,26	-0,151
329,63	0,175
329,99	0,518
330,36	0,006
330,72	0,160
331,09	0,056
331,45	0,655
331,82	-0,092
332,18	0,228
332,55	0,137
332,91	0,105
333,28	0,168
333,64	0,387
334,01	0,388
334,37	0,457
334,74	0,208
335,10	-0,311
335,47	0,484
335,83	0,151
336,20	-0,076
336,56	0,369
336,93	0,565
337,29	0,442
337,66	-0,072
338,02	0,264
338,39	-0,145
338,75	0,533
339,12	0,319
339,48	0,069
339,85	-0,299
340,21	0,597
340,57	0,425
340,94	0,439
341,30	0,160
341,67	-0,150
342,03	0,153
342,40	0,045
342,76	0,565
343,13	0,592
343,49	0,386
343,85	0,538
344,22	0,268
344,58	0,723
344,95	0,604
345,31	0,841
345,67	0,444
346,04	0,409
346,40	0,514
346,77	0,583
347,13	0,454
347,49	0,732
347,86	0,177
348,22	0,471
348,58	0,443
348,95	0,364
349,31	0,255
349,68	0,284
350,04	0,741
350,40	0,322
350,77	0,461
351,13	0,800
351,49	0,816
351,86	0,408
352,22	0,484
352,58	0,129
352,95	0,906
353,31	0,918
353,67	0,354
354,04	0,501
354,40	1,024
354,76	0,815
355,13	0,718
355,49	0,939
355,85	1,192
356,21	0,735
356,58	0,799
356,94	0,678
357,30	0,975
357,67	0,967
358,03	1,115
358,39	0,489
358,75	0,871
359,12	1,007
359,48	0,612
359,84	0,706
360,21	1,034
360,57	1,128
360,93	1,073
361,29	1,233
361,66	1,237
362,02	1,427
362,38	0,711
362,74	1,323
363,10	1,770
363,47	1,060
363,83	0,988
364,19	1,108
364,55	1,291
364,92	1,684
365,28	1,683
365,64	1,844
366,00	1,872
366,36	1,306
366,73	2,102
367,09	1,764
367,45	1,437
367,81	1,714
368,17	1,833
368,54	2,017
368,90	2,195
369,26	2,290
369,62	2,296
369,98	2,389
370,34	2,906
370,71	2,427
371,07	2,746
371,43	2,594
371,79	2,584
372,15	2,866
372,51	2,829
372,87	2,869
373,24	3,000
373,60	3,300
373,96	3,216
374,32	3,412
374,68	3,049
375,04	3,184
375,40	3,617
375,76	4,050
376,12	3,289
376,49	3,990
376,85	4,143
377,21	3,847
377,57	3,981
377,93	3,822
378,29	4,389
378,65	4,406
379,01	4,545
379,37	5,073
379,73	5,358
380,09	4,904
380,45	5,328
380,81	5,001
381,18	5,393
381,54	5,207
381,90	5,652
382,26	5,679
382,62	5,765
382,98	5,607
383,34	5,994
383,70	6,008
384,06	6,527
384,42	7,087
384,78	6,420
385,14	6,819
385,50	7,276
385,86	7,110
386,22	7,354
386,58	6,914
386,94	7,499
387,30	7,583
387,66	8,023
388,02	8,130
388,38	8,165
388,74	8,553
389,10	8,639
389,46	8,429
389,82	8,460
390,18	9,317
390,54	9,278
390,90	9,992
391,26	9,574
391,62	9,734
391,97	10,000
392,33	10,288
392,69	10,256
393,05	10,488
393,41	10,971
393,77	10,403
394,13	11,184
394,49	10,793
394,85	10,840
395,21	11,226
395,57	11,008
395,93	11,859
396,29	11,525
396,64	11,777
397,00	12,197
397,36	11,988
397,72	12,194
398,08	12,781
398,44	12,551
398,80	12,772
399,16	13,208
399,51	13,623
399,87	13,099
400,23	13,251
400,59	13,083
400,95	13,337
401,31	14,349
401,67	13,657
402,02	13,239
402,38	14,150
402,74	14,159
403,10	13,931
403,46	14,059
403,82	14,451
404,17	14,591
404,53	14,760
404,89	14,847
405,25	15,282
405,61	15,052
405,96	15,466
406,32	15,506
406,68	15,471
407,04	15,203
407,40	15,593
407,75	15,728
408,11	16,008
408,47	16,097
408,83	16,758
409,19	16,313
409,54	17,079
409,90	16,844
410,26	16,263
410,62	16,329
410,97	16,706
411,33	17,210
411,69	17,028
412,05	16,150
412,40	17,008
412,76	17,644
413,12	17,403
413,47	17,313
413,83	17,492
414,19	17,416
414,55	18,020
414,90	17,093
415,26	17,610
415,62	18,200
415,97	17,882
416,33	18,145
416,69	17,607
417,04	18,262
417,40	18,428
417,76	18,038
418,12	18,065
418,47	18,240
418,83	18,856
419,19	18,756
419,54	19,415
419,90	18,280
420,25	18,483
420,61	18,499
420,97	18,663
421,32	19,091
421,68	18,933
422,04	18,850
422,39	19,631
422,75	19,513
423,11	20,152
423,46	19,062
423,82	19,252
424,17	19,255
424,53	19,575
424,89	19,359
425,24	19,895
425,60	19,820
425,95	18,976
426,31	19,544
426,67	20,281
427,02	20,267
427,38	19,644
427,73	19,562
428,09	19,845
428,44	19,741
428,80	19,996
429,16	20,453
429,51	20,700
429,87	21,089
430,22	20,775
430,58	20,696
430,93	20,973
431,29	19,963
431,64	20,043
432,00	19,915
432,35	20,936
432,71	20,871
433,06	20,081
433,42	21,370
433,77	20,863
434,13	20,837
434,48	20,500
434,84	20,842
435,19	20,277
435,55	20,893
435,90	20,886
436,26	20,418
436,61	20,332
436,97	21,200
437,32	19,728
437,68	21,187
438,03	20,825
438,39	20,724
438,74	20,075
439,10	20,902
439,45	20,354
439,81	21,277
440,16	19,977
440,51	20,638
440,87	21,053
441,22	19,857
441,58	19,108
441,93	20,823
442,29	20,493
442,64	19,527
442,99	20,567
443,35	20,248
443,70	19,930
444,06	17,875
444,41	18,986
444,76	19,108
445,12	18,838
445,47	20,076
445,82	18,061
446,18	20,886
446,53	17,828
446,89	16,626
447,24	15,914
447,59	18,087
447,95	19,369
448,30	16,714
448,65	17,281
449,01	15,688
449,36	15,845
449,71	13,885
450,07	16,108
450,42	15,404
450,77	14,671
451,13	14,166
451,48	17,579
451,83	16,711
452,19	17,872
452,54	17,672
452,89	16,257
453,25	17,650
453,60	16,710
453,95	16,894
454,30	17,345
454,66	17,501
455,01	18,747
455,36	21,148
455,71	17,561
456,07	16,766
456,42	17,439
456,77	18,037
457,13	18,685
457,48	17,380
457,83	19,310
458,18	18,164
458,53	19,232
458,89	18,406
459,24	18,383
459,59	17,820
459,94	16,819
460,30	18,260
460,65	19,043
461,00	20,738
461,35	20,203
461,70	19,115
462,06	21,076
462,41	19,555
462,76	19,173
463,11	21,986
463,46	19,796
463,82	20,514
464,17	17,992
464,52	19,779
464,87	16,899
465,22	20,449
465,57	20,308
465,93	20,153
466,28	19,872
466,63	21,291
466,98	20,521
467,33	20,995
467,68	18,925
468,03	21,040
468,39	20,103
468,74	21,153
469,09	21,153
469,44	21,505
469,79	20,986
470,14	22,436
470,49	21,589
470,84	22,258
471,19	21,922
471,55	21,431
471,90	20,956
472,25	22,285
472,60	23,192
472,95	21,040
473,30	22,101
473,65	20,640
474,00	20,104
474,35	21,512
474,70	19,777
475,05	21,178
475,40	19,877
475,75	20,948
476,10	20,038
476,45	21,431
476,80	19,146
477,15	19,936
477,50	19,457
477,85	19,389
478,21	21,010
478,56	22,375
478,91	20,378
479,26	19,468
479,61	20,554
479,96	21,022
480,31	21,109
480,66	20,125
481,00	18,838
481,35	19,615
481,70	20,988
482,05	20,380
482,40	20,348
482,75	18,633
483,10	19,674
483,45	19,988
483,80	19,552
484,15	20,925
484,50	19,209
484,85	20,579
485,20	21,519
485,55	21,191
485,90	22,612
486,25	21,662
486,60	22,041
486,95	20,036
487,30	21,584
487,64	21,139
487,99	20,918
488,34	22,653
488,69	22,172
489,04	22,137
489,39	21,729
489,74	21,015
490,09	20,651
490,44	21,534
490,78	22,712
491,13	23,182
491,48	21,601
491,83	22,613
492,18	23,327
492,53	22,429
492,88	22,744
493,22	19,160
493,57	21,710
493,92	20,906
494,27	21,258
494,62	22,166
494,97	21,448
495,31	21,209
495,66	19,239
496,01	19,434
496,36	18,670
496,71	20,167
497,05	23,435
497,40	21,070
497,75	21,698
498,10	19,024
498,45	19,618
498,79	21,395
499,14	18,846
499,49	21,256
499,84	19,686
500,18	20,663
500,53	19,636
500,88	19,757
501,23	22,883
501,57	21,923
501,92	21,843
502,27	21,973
502,62	20,297
502,96	21,908
503,31	22,637
503,66	22,753
504,00	21,348
504,35	21,333
504,70	22,126
505,05	21,415
505,39	22,255
505,74	21,220
506,09	21,096
506,43	23,174
506,78	22,922
507,13	22,043
507,47	22,493
507,82	23,605
508,17	21,687
508,51	22,895
508,86	24,377
509,21	23,417
509,55	24,058
509,90	22,939
510,25	23,455
510,59	23,862
510,94	22,635
511,29	23,315
511,63	23,500
511,98	23,172
512,32	23,642
512,67	21,574
513,02	20,029
513,36	22,242
513,71	21,545
514,05	21,228
514,40	21,562
514,75	21,946
515,09	21,452
515,44	20,173
515,78	21,905
516,13	19,364
516,48	19,115
516,82	22,921
517,17	21,761
517,51	21,795
517,86	21,743
518,20	20,742
518,55	20,631
518,89	20,576
519,24	21,540
519,58	18,570
519,93	19,838
520,27	20,367
520,62	21,277
520,96	21,635
521,31	19,168
521,66	17,959
522,00	21,246
522,35	19,556
522,69	18,889
523,03	18,622
523,38	20,019
523,72	21,751
524,07	20,321
524,41	20,769
524,76	20,784
525,10	20,791
525,45	19,920
525,79	23,535
526,14	22,206
526,48	22,225
526,83	22,696
527,17	21,761
527,51	19,139
527,86	20,933
528,20	19,796
528,55	20,425
528,89	20,193
529,24	21,904
529,58	18,182
529,92	18,140
530,27	20,862
530,61	21,909
530,96	18,111
531,30	21,787
531,64	18,828
531,99	17,773
532,33	18,595
532,67	21,833
533,02	20,426
533,36	22,422
533,71	18,268
534,05	20,256
534,39	16,879
534,74	21,728
535,08	19,369
535,42	19,542
535,77	21,120
536,11	20,201
536,45	19,566
536,80	18,828
537,14	18,900
537,48	22,145
537,82	21,304
538,17	20,094
538,51	19,224
538,85	16,922
539,20	17,700
539,54	21,465
539,88	19,662
540,22	15,593
540,57	19,938
540,91	20,692
541,25	21,714
541,60	20,819
541,94	19,155
542,28	20,451
542,62	20,587
542,97	18,405
543,31	18,919
543,65	18,449
543,99	19,978
544,33	21,330
544,68	19,073
545,02	19,738
545,36	22,870
545,70	21,799
546,05	18,714
546,39	19,478
546,73	19,918
547,07	21,551
547,41	22,971
547,75	21,896
548,10	22,982
548,44	22,660
548,78	20,434
549,12	21,064
549,46	18,764
549,80	19,849
550,15	21,754
550,49	18,434
550,83	19,809
551,17	18,285
551,51	21,127
551,85	20,314
552,19	19,006
552,54	21,404
552,88	20,418
553,22	20,418
553,56	22,034
553,90	20,493
554,24	18,809
554,58	19,913
554,92	18,010
555,26	20,272
555,60	22,607
555,95	19,845
556,29	22,177
556,63	22,146
556,97	21,025
557,31	20,189
557,65	20,743
557,99	20,505
558,33	20,597
558,67	20,235
559,01	21,506
559,35	19,769
559,69	19,233
560,03	20,730
560,37	19,387
560,71	21,304
561,05	20,963
561,39	20,291
561,73	19,385
562,07	20,745
562,41	21,294
562,75	22,304
563,09	22,578
563,43	20,633
563,77	20,430
564,11	20,339
564,45	20,779
564,79	17,907
565,13	21,415
565,47	22,502
565,81	22,030
566,15	20,785
566,49	20,531
566,83	19,681
567,17	20,832
567,51	20,328
567,85	20,673
568,19	19,235
568,52	19,332
568,86	22,332
569,20	19,155
569,54	20,744
569,88	20,023
570,22	20,094
570,56	21,302
570,90	22,006
571,24	20,226
571,57	24,231
571,91	20,597
572,25	19,901
572,59	20,067
572,93	21,107
573,27	21,498
573,61	22,495
573,95	19,548
574,28	20,587
574,62	21,804
574,96	22,814
575,30	22,469
575,64	21,564
575,97	23,126
576,31	20,502
576,65	21,464
576,99	21,325
577,33	21,699
577,67	23,136
578,00	21,410
578,34	23,626
578,68	20,482
579,02	22,065
579,35	23,445
579,69	18,986
580,03	21,298
580,37	21,408
580,71	21,733
581,04	21,506
581,38	20,366
581,72	21,948
582,06	21,077
582,39	22,769
582,73	22,526
583,07	21,727
583,40	21,444
583,74	21,274
584,08	20,167
584,42	17,277
584,75	21,033
585,09	21,504
585,43	21,714
585,76	19,840
586,10	21,980
586,44	22,910
586,77	19,946
587,11	19,976
587,45	21,126
587,78	18,904
588,12	21,455
588,46	20,666
588,79	22,106
589,13	19,317
589,47	20,693
589,80	19,774
590,14	23,627
590,48	18,466
590,81	21,801
591,15	21,522
591,48	22,661
591,82	21,310
592,16	21,055
592,49	25,489
592,83	22,303
593,16	21,404
593,50	24,701
593,84	20,163
594,17	20,970
594,51	21,436
594,84	22,928
595,18	22,155
595,51	20,259
595,85	21,219
596,19	22,677
596,52	22,228
596,86	22,358
597,19	19,442
597,53	20,278
597,86	22,286
598,20	22,568
598,53	19,630
598,87	20,730
599,20	19,402
599,54	23,426
599,87	21,878
600,21	20,072
600,54	20,335
600,88	20,734
601,21	21,355
601,55	21,285
601,88	20,838
602,22	24,411
602,55	20,433
602,89	20,718
603,22	21,054
603,56	21,826
603,89	21,057
604,23	21,186
604,56	21,480
604,89	22,589
605,23	22,806
605,56	22,796
605,90	20,792
606,23	23,638
606,56	22,832
606,90	23,828
607,23	20,384
607,57	21,655
607,90	23,741
608,23	21,021
608,57	19,305
608,90	20,472
609,24	21,792
609,57	21,382
609,90	21,671
610,24	20,953
610,57	20,632
610,90	20,672
611,24	21,692
611,57	21,660
611,90	20,119
612,24	22,494
612,57	21,569
612,90	20,778
613,24	22,789
613,57	21,772
613,90	19,549
614,24	20,443
614,57	21,550
614,90	22,409
615,24	20,760
615,57	21,857
615,90	21,398
616,23	20,963
616,57	21,774
616,90	22,541
617,23	23,240
617,57	20,859
617,90	21,520
618,23	21,199
618,56	20,159
618,90	20,767
619,23	20,516
619,56	22,850
619,89	20,270
620,22	22,530
620,56	23,951
620,89	21,272
621,22	21,271
621,55	22,494
621,89	21,878
622,22	22,212
622,55	20,853
622,88	21,532
623,21	21,118
623,54	19,328
623,88	20,267
624,21	19,686
624,54	21,245
624,87	20,852
625,20	21,708
625,53	20,091
625,87	22,654
626,20	22,004
626,53	18,545
626,86	22,986
627,19	20,901
627,52	21,262
627,85	20,817
628,18	20,654
628,52	22,201
628,85	20,154
629,18	21,311
629,51	20,174
629,84	21,021
630,17	21,018
630,50	20,623
630,83	20,672
631,16	21,267
631,49	22,710
631,82	21,242
632,15	23,876
632,49	22,647
632,82	22,656
633,15	22,596
633,48	22,686
633,81	21,681
634,14	23,876
634,47	21,331
634,80	21,844
635,13	19,839
635,46	20,000
635,79	21,683
636,12	21,460
636,45	22,238
636,78	18,068
637,11	21,200
637,44	22,548
637,77	22,256
638,10	21,781
638,43	21,492
638,76	22,171
639,09	22,174
639,42	22,883
639,75	20,016
640,07	21,103
640,40	22,086
640,73	18,737
641,06	21,325
641,39	20,162
641,72	21,591
642,05	20,818
642,38	22,873
642,71	19,965
643,04	23,353
643,37	21,724
643,70	21,598
644,02	22,481
644,35	21,914
644,68	22,802
645,01	19,484
645,34	21,539
645,67	22,644
646,00	21,795
646,33	21,553
646,65	23,763
646,98	21,638
647,31	21,237
647,64	21,435
647,97	23,107
648,30	21,117
648,62	21,795
648,95	20,365
649,28	23,186
649,61	20,995
649,94	21,858
650,26	20,678
650,59	18,695
650,92	21,416
651,25	22,112
651,58	22,344
651,90	20,551
652,23	21,047
652,56	20,445
652,89	21,105
653,21	22,909
653,54	20,785
653,87	20,685
654,20	21,715
654,52	22,919
654,85	22,490
655,18	22,853
655,51	21,442
655,83	22,573
656,16	21,166
656,49	21,134
656,81	19,830
657,14	19,002
657,47	21,242
657,80	20,986
658,12	21,522
658,45	22,860
658,78	20,262
659,10	20,282
659,43	21,103
659,76	18,046
660,08	19,344
660,41	19,925
660,74	23,108
661,06	17,671
661,39	20,221
661,71	19,267
662,04	17,758
662,37	19,498
662,69	22,716
663,02	20,081
663,35	21,833
663,67	18,837
664,00	19,548
664,32	19,947
664,65	19,851
664,97	22,379
665,30	19,881
665,63	21,180
665,95	21,175
666,28	19,748
666,60	21,750
666,93	22,424
667,25	19,646
667,58	20,076
667,91	19,682
668,23	18,964
668,56	20,295
668,88	19,531
669,21	21,586
669,53	22,000
669,86	19,344
670,18	21,965
670,51	18,312
670,83	19,779
671,16	20,308
671,48	21,368
671,81	20,597
672,13	21,128
672,46	19,334
672,78	18,218
673,11	20,560
673,43	20,919
673,75	19,025
674,08	19,369
674,40	19,931
674,73	19,614
675,05	19,465
675,38	20,716
675,70	18,957
676,02	20,413
676,35	19,552
676,67	21,793
677,00	17,600
677,32	20,386
677,65	18,605
677,97	22,310
678,29	20,644
678,62	19,358
678,94	25,103
679,26	20,041
679,59	18,367
679,91	21,344
680,23	19,551
680,56	18,918
680,88	20,366
681,21	18,655
681,53	19,742
681,85	19,553
682,18	22,197
682,50	20,290
682,82	20,679
683,14	20,083
683,47	20,595
683,79	19,560
684,11	19,266
684,44	19,143
684,76	18,625
685,08	18,959
685,41	16,886
685,73	18,661
686,05	20,874
686,37	21,241
686,70	20,385
687,02	18,126
687,34	17,097
687,66	20,373
687,99	18,022
688,31	19,530
688,63	20,732
688,95	20,112
689,27	20,435
689,60	20,092
689,92	17,059
690,24	18,870
690,56	16,596
690,89	20,267
691,21	22,290
691,53	20,482
691,85	21,315
692,17	17,435
692,49	19,019
692,82	16,912
693,14	18,484
693,46	18,213
693,78	19,055
694,10	18,766
694,42	21,242
694,74	19,353
695,07	17,662
695,39	18,546
695,71	18,410
696,03	17,797
696,35	19,493
696,67	20,770
696,99	19,305
697,31	18,092
697,63	19,007
697,96	20,645
698,28	18,651
698,60	18,402
698,92	20,000
699,24	17,402
699,56	18,055
699,88	18,113
700,20	17,771
700,52	18,507
700,84	19,315
701,16	18,350
701,48	17,931
701,80	16,037
702,12	19,896
702,44	17,931
702,76	16,607
703,08	20,187
703,40	17,816
703,72	20,981
704,04	15,430
704,36	14,996
704,68	20,924
705,00	19,699
705,32	19,746
705,64	19,169
705,96	20,101
706,28	19,160
706,60	17,822
706,92	16,198
707,24	18,056
707,56	17,365
707,88	17,034
708,20	16,824
708,52	17,975
708,84	19,621
709,15	18,642
709,47	18,788
709,79	15,331
710,11	15,053
710,43	15,754
710,75	17,298
711,07	17,017
711,39	19,541
711,71	17,859
712,02	16,819
712,34	16,497
712,66	16,569
712,98	18,565
713,30	17,754
713,62	18,278
713,94	18,758
714,25	19,735
714,57	18,063
714,89	18,215
715,21	19,523
715,53	16,790
715,84	17,208
716,16	17,733
716,48	16,462
716,80	16,302
717,12	15,518
717,43	14,806
717,75	17,802
718,07	16,008
718,39	17,453
718,70	16,958
719,02	18,527
719,34	19,435
719,66	19,160
719,97	15,890
720,29	13,356
720,61	15,317
720,93	13,766
721,24	17,959
721,56	16,526
721,88	14,754
722,19	20,077
722,51	16,790
722,83	17,204
723,15	12,410
723,46	13,370
723,78	15,237
724,10	13,611
724,41	15,299
724,73	16,453
725,05	14,390
725,36	12,930
725,68	17,041
726,00	14,450
726,31	13,799
726,63	15,994
726,94	13,400
727,26	17,984
727,58	15,453
727,89	15,985
728,21	17,198
728,53	15,371
728,84	15,723
729,16	12,380
729,47	14,979
729,79	18,620
730,10	12,952
730,42	14,785
730,74	13,566
731,05	12,389
731,37	7,970
731,68	14,529
732,00	15,849
732,31	14,470
732,63	14,897
732,94	12,188
733,26	13,755
733,57	13,697
733,89	13,367
734,21	16,151
734,52	14,865
734,84	10,702
735,15	14,362
735,47	14,660
735,78	14,594
736,09	11,298
736,41	13,350
736,72	12,767
737,04	17,028
737,35	16,503
737,67	14,885
737,98	16,984
738,30	14,624
738,61	16,277
738,93	9,376
739,24	12,057
739,55	12,199
739,87	17,017
740,18	14,421
740,50	16,629
740,81	11,765
741,12	16,552
741,44	13,329
741,75	13,241
742,07	11,545
742,38	15,690
742,69	15,083
743,01	16,785
743,32	13,326
743,63	14,122
743,95	14,904
744,26	17,626
744,58	13,427
744,89	15,412
745,20	16,048
745,52	13,450
745,83	14,128
746,14	14,749
746,45	15,014
746,77	13,050
747,08	17,049
747,39	17,096
747,71	15,404
748,02	13,898
748,33	13,249
748,64	14,575
748,96	14,266
749,27	15,260
749,58	15,745
749,90	23,212
750,21	16,923
750,52	18,968
750,83	17,862
751,14	13,921
751,46	13,802
751,77	17,981
752,08	15,245
752,39	15,846
752,71	13,219
753,02	13,985
753,33	16,619
753,64	18,440
753,95	15,711
754,27	17,111
754,58	14,563
754,89	13,175
755,20	13,104
755,51	15,606
755,82	17,035
756,14	18,611
756,45	14,416
756,76	15,788
757,07	13,126
757,38	15,468
757,69	10,287
758,00	16,249
758,31	15,846
758,63	15,688
758,94	17,190
759,25	13,653
759,56	17,757
759,87	16,657
760,18	15,101
760,49	15,434
760,80	16,715
761,11	14,338
761,42	15,120
761,73	11,601
762,04	15,625
762,35	15,083
762,66	14,153
762,97	15,140
763,28	13,183
763,60	11,827
763,91	16,329
764,22	15,824
764,53	14,992
764,84	15,224
765,15	12,448
765,46	11,682
765,77	11,234
766,08	15,718
766,38	14,051
766,69	15,155
767,00	15,481
767,31	11,976
767,62	13,899
767,93	13,108
768,24	10,307
768,55	12,612
768,86	12,830
769,17	10,300
769,48	16,024
769,79	14,251
770,10	10,530
770,41	10,251
770,72	11,461
771,02	12,141
771,33	10,958
771,64	11,253
771,95	12,069
772,26	12,858
772,57	10,022
772,88	15,023
773,19	8,243
773,49	11,010
773,80	8,126
774,11	8,834
774,42	15,126
774,73	10,322
775,04	10,075
775,34	10,906
775,65	5,986
775,96	7,522
776,27	11,625
776,58	10,713
776,89	13,736
777,19	13,611
777,50	6,960
777,81	8,520
778,12	8,996
778,42	13,660
778,73	5,722
779,04	15,196
779,35	12,710
779,65	9,129
779,96	9,493
780,27	9,298
780,58	10,513
780,88	5,674
781,19	11,530
781,50	13,372
781,81	8,292
782,11	7,734
782,42	11,064
782,73	6,441
783,03	4,262
783,34	10,900
783,65	-0,093
783,95	6,898
784,26	12,125
784,57	8,492
784,87	10,059
785,18	5,807
785,49	10,793
785,79	12,730
786,10	10,526
786,41	1,079
786,71	6,125
787,02	4,733
787,32	8,211
787,63	6,372
787,94	7,118
788,24	9,948
788,55	5,655
788,85	4,284
789,16	2,414
789,47	7,830
789,77	5,164
790,08	4,259
790,38	9,082
790,69	6,529
790,99	0,549
791,30	3,525
791,60	6,628
791,91	8,863
792,21	0,000
792,52	5,016
792,83	6,937
793,13	5,148
793,44	7,681
793,74	4,584
794,05	4,185
794,35	1,253
794,65	0,931
794,96	-2,047
795,26	0,422
795,57	7,594
795,87	-1,483
796,18	1,171
796,48	2,424
796,79	2,532
797,09	10,235
797,40	5,730
797,70	-1,062
798,00	-0,278
798,31	1,387
798,61	6,093
798,92	4,436
799,22	0,525
799,53	1,938
799,83	-2,488
800,13	-2,425
800,44	2,869
800,74	-2,657
801,04	-1,361
801,35	-1,097
801,65	-4,459
801,95	-4,490
802,26	-4,822
802,56	-0,910
802,87	1,202
803,17	-3,769
803,47	-1,882
803,77	-1,332
804,08	-0,597
804,38	8,933
804,68	5,058
804,99	-2,618
805,29	-3,463
805,59	-3,321
805,90	3,947
806,20	-2,101
806,50	-6,196
806,80	0,512
807,11	6,433
807,41	-1,137
807,71	-1,979
808,01	-7,260
808,32	-2,723
808,62	-3,158
808,92	-0,466
809,22	-7,124
809,53	-7,991
809,83	-6,929
810,13	6,791
810,43	-1,963
810,73	-1,873
811,04	-7,012
811,34	-1,095
811,64	0,984
811,94	-4,304
812,24	-7,201
812,54	5,206
812,85	7,909
813,15	-1,301
813,45	-11,431
813,75	-6,458
814,05	-1,831
814,35	-12,302
814,65	-15,523
814,96	-14,801
815,26	-11,290
815,56	-2,625
815,86	-6,370
816,16	1,586
816,46	-12,385
816,76	-19,059
817,06	-8,531
817,36	-4,351
817,66	-0,892
817,96	-3,173
818,26	-10,056
818,57	-8,057
818,87	-1,945
819,17	-10,111
819,47	-7,749
819,77	-15,431
820,07	-5,088
820,37	-7,917
820,67	-5,630
820,97	-4,984
821,27	-8,273
821,57	4,687
821,87	-11,495
822,17	-19,367
822,47	-11,714
822,77	-11,917
823,07	-13,011
823,37	-18,709
823,67	-29,270
823,97	-12,020
824,26	-0,728
824,56	-10,708
824,86	-8,761
825,16	-1,077
825,46	-0,970
825,76	-14,839
826,06	-15,725
826,36	-13,420
826,66	-6,975
826,96	-9,059
827,26	-13,068
827,56	-10,696
827,85	-9,335
828,15	-18,818
828,45	-14,657
828,75	-13,518
829,05	-11,938
829,35	-7,009
829,65	-13,806
829,94	-12,076
830,24	-17,348
830,54	-10,857
830,84	-13,047
831,14	-23,046
831,44	-20,540
831,73	-12,310
832,03	-7,404
832,33	-12,621
832,63	-5,865
832,93	-18,113
833,22	-9,859
833,52	-26,938
833,82	-10,526
834,12	-11,225
834,41	-16,898
834,71	-15,099
835,01	-21,701
835,31	-14,646
835,60	-22,870
835,90	-5,679
836,20	-17,834
836,49	-12,921
836,79	-14,375
837,09	-11,707
837,39	-18,341
837,68	-17,991
837,98	-22,780
838,28	-20,187
838,57	-12,992
838,87	-19,110
839,17	-19,035
839,46	-11,817
839,76	-17,229
840,06	-22,527
840,35	-17,822
840,65	-18,958
840,95	-20,211
841,24	-24,094
841,54	-15,181
841,83	-18,006
842,13	-11,978
842,43	-36,656
842,72	-12,451
843,02	-19,082
843,31	-11,716
843,61	-8,792
843,91	-7,744
844,20	-31,591
844,50	-23,303
844,79	-22,258
845,09	-23,986
845,38	-29,376
845,68	-22,598
845,98	-22,765
846,27	-7,903
846,57	-11,965
846,86	-21,875
847,16	-23,671
847,45	-26,867
847,75	-14,600
848,04	-40,068
848,34	-30,806
848,63	-18,933
848,93	-31,893
849,22	-26,772
849,52	-12,366
849,81	-14,156
850,10	-23,077
850,40	-7,675
850,69	-7,059
850,99	-39,483
851,28	-18,061
851,58	-22,485
851,87	-28,875
852,16	-15,806
852,46	-24,684
852,75	-13,632
853,05	-31,834
853,34	-19,585
853,63	-34,385
853,93	-27,578
854,22	-27,009
854,52	-28,905
854,81	-35,234
855,10	-30,778
855,40	-18,826
855,69	-15,909
855,98	-21,279
856,28	-4,550
856,57	-17,249
856,86	-22,705
857,16	-26,538
857,45	-12,781
857,74	-31,719
858,04	-28,009
858,33	-27,791
858,62	-34,059
858,92	-42,031
859,21	-18,361
859,50	-37,484
859,79	-25,333
860,09	-30,576
860,38	-11,332
860,67	-29,274
860,96	-10,681
861,26	-21,034
861,55	-14,791
861,84	-34,789
862,13	-36,871
862,43	-29,072
862,72	-24,419
863,01	-20,938
863,30	-29,012
863,59	-26,721
863,89	-52,363
864,18	-24,749
864,47	-40,227
864,76	-29,736
865,05	-15,547
865,34	-48,885
865,64	-33,700
865,93	-31,634
866,22	-50,353
866,51	-35,269
866,80	-26,719
867,09	-59,571
867,38	-40,050
867,67	-22,794
867,97	-33,640
868,26	-48,143
868,55	-33,215
868,84	-50,000
869,13	-42,614
869,42	-22,176
869,71	-30,128
870,00	-56,586
870,29	-45,515
870,58	-30,091
870,87	-49,118
871,16	-23,810
871,45	-44,751
871,74	-39,442
872,04	-46,098
872,33	-43,909
872,62	-73,151
872,91	-56,657
873,20	-35,904
873,49	-54,150
873,78	-54,150
874,07	-54,150
