180,12	-2221,277
180,49	-2221,277
180,87	-2221,277
181,25	-563,415
181,63	-1258,333
182,01	-1944,231
182,38	-1282,558
182,76	3002,564
183,14	-620,787
183,52	-894,068
183,89	-1230,488
184,27	-580,357
184,65	-489,216
185,03	5209,091
185,40	-816,541
185,78	-746,269
186,16	-544,149
186,54	-3753,333
186,91	-887,402
187,29	-1070,707
187,67	-670,779
188,05	-742,553
188,42	29325,000
188,80	-1867,241
189,18	-208,132
189,56	-251,475
189,93	-302,681
190,31	-220,128
190,69	-362,987
191,06	-419,259
191,44	-229,767
191,82	-290,152
192,20	-199,023
192,57	-327,003
192,95	-258,418
193,33	-341,009
193,70	-171,875
194,08	-218,119
194,46	-328,857
194,83	-219,915
195,21	-238,605
195,59	-252,051
195,96	-227,204
196,34	-306,122
196,72	-306,838
197,09	-297,187
197,47	-245,070
197,85	-210,200
198,22	-231,323
198,60	-280,270
198,98	-229,545
199,35	-222,976
199,73	-208,384
200,11	-296,124
200,48	-210,928
200,86	-250,483
201,24	-183,894
201,61	-293,521
201,99	-283,113
202,37	-248,931
202,74	-235,714
203,12	-218,182
203,49	-224,262
203,87	-242,697
204,25	-289,119
204,62	-211,667
205,00	-203,831
205,37	-184,393
205,75	-179,846
206,13	-251,537
206,50	-218,080
206,88	-224,895
207,25	-202,778
207,63	-229,425
208,01	-175,856
208,38	-232,311
208,76	-179,928
209,13	-214,128
209,51	-173,458
209,88	-213,693
210,26	-206,410
210,64	-185,741
211,01	-187,199
211,39	-180,000
211,76	-151,389
212,14	-253,333
212,51	-160,458
212,89	-231,278
213,26	-124,818
213,64	-122,025
214,02	-88,212
214,39	-152,916
214,77	-109,273
215,14	-120,436
215,52	-87,376
215,89	-64,424
216,27	-72,289
216,64	-59,088
217,02	-61,321
217,39	-56,427
217,77	-40,545
218,14	-47,771
218,52	-37,823
218,89	-36,834
219,27	-35,031
219,64	-32,783
220,02	-27,234
220,39	-28,355
220,77	-26,107
221,14	-23,100
221,52	-26,714
221,89	-21,404
222,27	-23,422
222,64	-22,061
223,02	-19,707
223,39	-19,093
223,77	-18,370
224,14	-17,395
224,51	-15,495
224,89	-15,436
225,26	-14,852
225,64	-15,832
226,01	-13,186
226,39	-12,003
226,76	-12,492
227,14	-11,269
227,51	-11,502
227,88	-10,960
228,26	-10,047
228,63	-9,914
229,01	-10,753
229,38	-7,450
229,75	-8,972
230,13	-9,114
230,50	-7,089
230,88	-7,201
231,25	-7,273
231,63	-5,885
232,00	-7,479
232,37	-7,483
232,75	-6,050
233,12	-7,024
233,49	-6,042
233,87	-6,243
234,24	-5,940
234,62	-5,636
234,99	-5,749
235,36	-5,105
235,74	-5,209
236,11	-5,243
236,48	-5,222
236,86	-4,285
237,23	-4,859
237,60	-4,438
237,98	-4,340
238,35	-3,682
238,73	-4,144
239,10	-4,264
239,47	-4,616
239,85	-4,378
240,22	-3,429
240,59	-4,201
240,96	-4,344
241,34	-3,434
241,71	-3,672
242,08	-3,242
242,46	-3,875
242,83	-3,707
243,20	-3,017
243,58	-3,037
243,95	-3,131
244,32	-2,856
244,70	-2,231
245,07	-3,210
245,44	-3,167
245,81	-3,323
246,19	-2,644
246,56	-2,722
246,93	-3,319
247,31	-2,757
247,68	-3,000
248,05	-3,143
248,42	-3,014
248,80	-2,829
249,17	-2,856
249,54	-2,780
249,91	-2,920
250,29	-2,615
250,66	-2,480
251,03	-2,774
251,40	-1,966
251,78	-2,273
252,15	-2,745
252,52	-2,634
252,89	-2,373
253,26	-2,563
253,64	-2,283
254,01	-2,873
254,38	-2,409
254,75	-2,321
255,12	-2,027
255,50	-2,237
255,87	-1,696
256,24	-2,032
256,61	-1,645
256,98	-2,263
257,36	-2,182
257,73	-1,616
258,10	-2,066
258,47	-1,921
258,84	-1,925
259,22	-1,714
259,59	-1,449
259,96	-1,861
260,33	-2,011
260,70	-1,887
261,07	-1,764
261,45	-1,891
261,82	-1,782
262,19	-2,025
262,56	-1,830
262,93	-1,767
263,30	-1,749
263,67	-1,857
264,04	-1,566
264,42	-1,612
264,79	-1,726
265,16	-1,739
265,53	-1,454
265,90	-1,738
266,27	-1,577
266,64	-1,585
267,01	-1,745
267,39	-1,493
267,76	-1,736
268,13	-1,587
268,50	-1,976
268,87	-1,420
269,24	-1,813
269,61	-1,692
269,98	-1,472
270,35	-1,435
270,72	-1,383
271,09	-1,601
271,46	-1,718
271,84	-1,402
272,21	-1,341
272,58	-1,452
272,95	-1,641
273,32	-1,455
273,69	-1,358
274,06	-1,824
274,43	-1,439
274,80	-1,789
275,17	-2,054
275,54	-1,926
275,91	-1,696
276,28	-1,730
276,65	-1,464
277,02	-1,730
277,39	-1,970
277,76	-1,726
278,13	-1,861
278,50	-1,754
278,87	-2,020
279,24	-2,043
279,61	-1,720
279,98	-1,813
280,35	-1,986
280,72	-1,968
281,09	-1,579
281,46	-2,167
281,83	-1,884
282,20	-1,972
282,57	-2,012
282,94	-2,280
283,31	-2,037
283,68	-1,984
284,05	-1,654
284,42	-1,610
284,79	-1,624
285,16	-1,678
285,53	-1,806
285,90	-1,792
286,27	-2,055
286,64	-1,668
287,00	-1,920
287,37	-1,910
287,74	-1,907
288,11	-1,737
288,48	-1,980
288,85	-1,565
289,22	-1,648
289,59	-1,573
289,96	-1,596
290,33	-1,797
290,70	-1,685
291,07	-1,322
291,43	-1,727
291,80	-1,439
292,17	-1,451
292,54	-1,615
292,91	-1,384
293,28	-1,536
293,65	-1,436
294,02	-1,685
294,38	-1,643
294,75	-1,562
295,12	-1,455
295,49	-1,676
295,86	-1,789
296,23	-1,524
296,60	-1,647
296,96	-1,632
297,33	-1,665
297,70	-1,604
298,07	-1,451
298,44	-1,686
298,81	-1,317
299,17	-1,629
299,54	-1,475
299,91	-1,871
300,28	-1,647
300,65	-1,567
301,02	-1,624
301,38	-1,707
301,75	-1,585
302,12	-1,716
302,49	-1,751
302,86	-1,674
303,22	-1,671
303,59	-1,705
303,96	-1,743
304,33	-1,664
304,69	-1,470
305,06	-1,709
305,43	-1,801
305,80	-1,791
306,17	-1,724
306,53	-1,779
306,90	-1,765
307,27	-1,838
307,64	-2,032
308,00	-1,904
308,37	-1,876
308,74	-1,613
309,11	-2,238
309,47	-1,735
309,84	-1,695
310,21	-1,725
310,57	-2,016
310,94	-1,688
311,31	-1,684
311,68	-1,861
312,04	-1,788
312,41	-1,444
312,78	-1,811
313,14	-1,819
313,51	-1,472
313,88	-2,023
314,25	-2,225
314,61	-1,839
314,98	-2,003
315,35	-2,014
315,71	-1,861
316,08	-1,971
316,45	-1,907
316,81	-1,750
317,18	-1,926
317,55	-1,856
317,91	-1,650
318,28	-2,307
318,65	-1,838
319,01	-2,027
319,38	-2,256
319,75	-2,070
320,11	-2,115
320,48	-1,909
320,84	-2,080
321,21	-2,040
321,58	-2,244
321,94	-2,286
322,31	-1,971
322,68	-2,052
323,04	-1,939
323,41	-2,037
323,77	-2,232
324,14	-1,866
324,51	-1,736
324,87	-1,896
325,24	-2,186
325,60	-2,176
325,97	-1,920
326,33	-1,707
326,70	-2,123
327,07	-1,650
327,43	-1,965
327,80	-2,042
328,16	-1,546
328,53	-2,139
328,89	-1,998
329,26	-1,956
329,63	-2,354
329,99	-2,192
330,36	-2,292
330,72	-2,267
331,09	-1,875
331,45	-2,102
331,82	-1,972
332,18	-1,880
332,55	-1,895
332,91	-2,098
333,28	-2,047
333,64	-2,280
334,01	-1,823
334,37	-2,115
334,74	-2,444
335,10	-2,141
335,47	-2,237
335,83	-2,131
336,20	-2,545
336,56	-2,012
336,93	-2,151
337,29	-2,398
337,66	-2,144
338,02	-2,311
338,39	-1,886
338,75	-2,462
339,12	-2,375
339,48	-2,656
339,85	-2,498
340,21	-2,121
340,57	-1,931
340,94	-2,326
341,30	-2,518
341,67	-2,127
342,03	-2,438
342,40	-2,552
342,76	-2,113
343,13	-2,158
343,49	-2,445
343,85	-2,040
344,22	-2,392
344,58	-2,331
344,95	-1,901
345,31	-2,008
345,67	-2,073
346,04	-1,877
346,40	-2,342
346,77	-2,338
347,13	-2,297
347,49	-2,747
347,86	-2,115
348,22	-1,936
348,58	-2,189
348,95	-2,011
349,31	-2,206
349,68	-2,453
350,04	-2,001
350,40	-2,094
350,77	-2,118
351,13	-2,069
351,49	-2,384
351,86	-1,894
352,22	-1,817
352,58	-2,359
352,95	-1,995
353,31	-2,500
353,67	-2,169
354,04	-1,986
354,40	-1,861
354,76	-2,293
355,13	-2,304
355,49	-1,716
355,85	-2,079
356,21	-2,177
356,58	-2,072
356,94	-1,767
357,30	-1,796
357,67	-2,139
358,03	-2,163
358,39	-1,789
358,75	-1,335
359,12	-2,188
359,48	-1,889
359,84	-1,885
360,21	-1,634
360,57	-1,776
360,93	-1,627
361,29	-1,714
361,66	-1,812
362,02	-1,083
362,38	-1,596
362,74	-1,321
363,10	-1,117
363,47	-1,415
363,83	-1,925
364,19	-1,516
364,55	-1,801
364,92	-1,254
365,28	-1,379
365,64	-1,651
366,00	-1,263
366,36	-1,313
366,73	-0,962
367,09	-1,144
367,45	-1,026
367,81	-1,170
368,17	-1,056
368,54	-1,241
368,90	-0,941
369,26	-0,322
369,62	-0,707
369,98	-1,242
370,34	-0,688
370,71	-0,011
371,07	-1,063
371,43	-0,549
371,79	-0,332
372,15	-0,157
372,51	-0,150
372,87	0,325
373,24	0,073
373,60	-0,084
373,96	0,655
374,32	0,602
374,68	0,915
375,04	0,373
375,40	0,606
375,76	0,792
376,12	0,992
376,49	0,737
376,85	0,205
377,21	0,492
377,57	0,725
377,93	1,444
378,29	1,809
378,65	1,720
379,01	1,798
379,37	1,652
379,73	2,121
380,09	1,992
380,45	2,952
380,81	2,541
381,18	2,191
381,54	2,424
381,90	3,161
382,26	3,393
382,62	2,827
382,98	3,353
383,34	3,223
383,70	3,538
384,06	3,618
384,42	3,876
384,78	3,555
385,14	4,265
385,50	4,234
385,86	4,334
386,22	4,621
386,58	4,154
386,94	4,976
387,30	5,038
387,66	5,451
388,02	5,366
388,38	5,637
388,74	6,127
389,10	6,306
389,46	6,275
389,82	6,284
390,18	6,871
390,54	6,818
390,90	6,825
391,26	7,366
391,62	8,027
391,97	8,091
392,33	8,132
392,69	7,847
393,05	8,474
393,41	8,855
393,77	8,392
394,13	9,373
394,49	8,711
394,85	9,242
395,21	8,732
395,57	9,655
395,93	9,488
396,29	10,496
396,64	9,913
397,00	9,726
397,36	10,227
397,72	10,727
398,08	10,842
398,44	11,167
398,80	11,823
399,16	11,326
399,51	11,059
399,87	11,642
400,23	11,072
400,59	11,711
400,95	12,220
401,31	12,649
401,67	12,697
402,02	11,909
402,38	12,424
402,74	12,756
403,10	13,287
403,46	12,689
403,82	13,228
404,17	14,413
404,53	13,602
404,89	13,565
405,25	14,247
405,61	14,376
405,96	14,213
406,32	14,378
406,68	14,338
407,04	14,710
407,40	14,902
407,75	14,559
408,11	15,397
408,47	15,158
408,83	15,709
409,19	15,234
409,54	15,755
409,90	15,682
410,26	16,130
410,62	16,106
410,97	16,051
411,33	15,944
411,69	16,743
412,05	16,232
412,40	16,894
412,76	16,874
413,12	16,991
413,47	17,396
413,83	17,707
414,19	16,725
414,55	17,300
414,90	17,386
415,26	17,463
415,62	17,186
415,97	18,363
416,33	16,691
416,69	16,701
417,04	18,296
417,40	17,785
417,76	18,380
418,12	17,886
418,47	17,964
418,83	18,607
419,19	18,812
419,54	19,188
419,90	18,676
420,25	19,359
420,61	19,329
420,97	19,376
421,32	19,433
421,68	20,263
422,04	19,440
422,39	19,084
422,75	19,137
423,11	19,868
423,46	19,685
423,82	20,383
424,17	19,838
424,53	20,202
424,89	19,482
425,24	20,228
425,60	19,300
425,95	19,422
426,31	19,800
426,67	20,514
427,02	20,476
427,38	21,027
427,73	19,705
428,09	20,511
428,44	20,082
428,80	20,559
429,16	21,240
429,51	21,375
429,87	21,419
430,22	20,938
430,58	21,485
430,93	20,824
431,29	20,872
431,64	20,846
432,00	20,268
432,35	20,821
432,71	20,450
433,06	21,324
433,42	21,385
433,77	20,832
434,13	20,957
434,48	21,000
434,84	20,652
435,19	20,290
435,55	21,191
435,90	20,832
436,26	20,955
436,61	20,391
436,97	21,335
437,32	19,561
437,68	20,437
438,03	20,830
438,39	20,257
438,74	20,829
439,10	19,952
439,45	18,474
439,81	19,620
440,16	20,165
440,51	20,467
440,87	20,365
441,22	19,479
441,58	20,569
441,93	20,430
442,29	19,114
442,64	19,818
442,99	19,149
443,35	19,287
443,70	20,082
444,06	19,055
444,41	19,405
444,76	17,603
445,12	18,627
445,47	17,000
445,82	17,331
446,18	17,828
446,53	17,216
446,89	17,145
447,24	15,131
447,59	16,398
447,95	17,598
448,30	13,897
448,65	13,882
449,01	15,579
449,36	14,920
449,71	16,105
450,07	16,411
450,42	15,937
450,77	14,846
451,13	16,039
451,48	17,095
451,83	17,289
452,19	16,805
452,54	16,980
452,89	18,470
453,25	17,430
453,60	18,155
453,95	18,475
454,30	18,881
454,66	19,415
455,01	19,380
455,36	21,084
455,71	18,350
456,07	18,835
456,42	19,542
456,77	20,895
457,13	19,944
457,48	20,378
457,83	19,676
458,18	20,440
458,53	20,915
458,89	20,754
459,24	20,835
459,59	21,109
459,94	19,168
460,30	20,115
460,65	20,211
461,00	20,317
461,35	20,845
461,70	20,489
462,06	20,833
462,41	20,835
462,76	20,911
463,11	21,624
463,46	20,566
463,82	20,793
464,17	20,487
464,52	19,857
464,87	20,710
465,22	20,563
465,57	21,187
465,93	21,797
466,28	20,970
466,63	21,595
466,98	21,429
467,33	22,468
467,68	21,786
468,03	21,645
468,39	21,101
468,74	20,677
469,09	21,576
469,44	22,333
469,79	21,699
470,14	22,467
470,49	22,398
470,84	21,904
471,19	23,636
471,55	23,309
471,90	23,881
472,25	22,573
472,60	22,605
472,95	22,481
473,30	22,800
473,65	22,699
474,00	22,666
474,35	22,668
474,70	22,444
475,05	21,078
475,40	21,262
475,75	21,657
476,10	22,332
476,45	21,611
476,80	20,714
477,15	21,301
477,50	21,411
477,85	21,167
478,21	20,817
478,56	21,539
478,91	21,561
479,26	20,856
479,61	21,501
479,96	21,032
480,31	21,458
480,66	20,158
481,00	21,267
481,35	21,620
481,70	22,282
482,05	21,126
482,40	21,210
482,75	21,238
483,10	21,192
483,45	21,630
483,80	21,163
484,15	21,385
484,50	22,053
484,85	22,439
485,20	21,356
485,55	21,144
485,90	22,033
486,25	21,990
486,60	22,230
486,95	21,883
487,30	22,663
487,64	21,503
487,99	21,607
488,34	22,094
488,69	22,197
489,04	22,258
489,39	22,720
489,74	22,785
490,09	22,040
490,44	22,289
490,78	22,322
491,13	21,814
491,48	22,295
491,83	22,299
492,18	21,388
492,53	21,388
492,88	21,876
493,22	21,755
493,57	21,792
493,92	21,165
494,27	21,309
494,62	21,912
494,97	21,200
495,31	20,728
495,66	20,895
496,01	20,965
496,36	21,010
496,71	20,901
497,05	20,380
497,40	20,100
497,75	20,530
498,10	20,986
498,45	21,406
498,79	20,367
499,14	20,900
499,49	19,759
499,84	19,929
500,18	21,220
500,53	21,532
500,88	19,398
501,23	19,948
501,57	20,897
501,92	19,401
502,27	20,510
502,62	20,064
502,96	22,137
503,31	21,170
503,66	21,141
504,00	20,361
504,35	21,107
504,70	21,212
505,05	21,460
505,39	21,552
505,74	22,103
506,09	21,555
506,43	22,061
506,78	22,345
507,13	21,888
507,47	21,762
507,82	22,311
508,17	21,886
508,51	21,252
508,86	21,309
509,21	22,081
509,55	21,939
509,90	22,697
510,25	22,131
510,59	21,676
510,94	21,954
511,29	21,629
511,63	21,446
511,98	21,216
512,32	20,212
512,67	20,707
513,02	20,790
513,36	20,124
513,71	19,803
514,05	20,844
514,40	20,685
514,75	19,604
515,09	19,375
515,44	20,635
515,78	19,825
516,13	18,526
516,48	18,566
516,82	19,553
517,17	18,768
517,51	18,797
517,86	17,983
518,20	18,552
518,55	17,974
518,89	18,725
519,24	17,457
519,58	18,043
519,93	17,921
520,27	16,688
520,62	17,617
520,96	17,404
521,31	17,912
521,66	16,721
522,00	18,420
522,35	17,276
522,69	17,221
523,03	18,242
523,38	17,197
523,72	17,449
524,07	16,579
524,41	18,401
524,76	17,648
525,10	18,453
525,45	18,868
525,79	18,294
526,14	18,770
526,48	19,679
526,83	18,243
527,17	17,914
527,51	18,201
527,86	17,642
528,20	18,504
528,55	20,503
528,89	18,009
529,24	18,264
529,58	17,259
529,92	19,328
530,27	17,804
530,61	17,563
530,96	17,475
531,30	17,829
531,64	17,702
531,99	17,428
532,33	17,167
532,67	17,036
533,02	17,548
533,36	16,695
533,71	17,297
534,05	16,854
534,39	17,679
534,74	17,860
535,08	18,878
535,42	17,403
535,77	16,998
536,11	17,763
536,45	15,923
536,80	18,350
537,14	19,002
537,48	16,928
537,82	17,690
538,17	17,741
538,51	18,908
538,85	17,985
539,20	17,367
539,54	18,044
539,88	18,095
540,22	16,323
540,57	17,716
540,91	16,681
541,25	18,590
541,60	16,505
541,94	16,986
542,28	16,581
542,62	19,873
542,97	18,086
543,31	19,575
543,65	17,607
543,99	18,141
544,33	18,778
544,68	18,647
545,02	16,372
545,36	18,549
545,70	19,196
546,05	17,425
546,39	18,198
546,73	17,837
547,07	18,243
547,41	17,748
547,75	18,374
548,10	17,262
548,44	19,158
548,78	16,945
549,12	18,076
549,46	17,405
549,80	17,160
550,15	18,387
550,49	17,647
550,83	17,857
551,17	19,189
551,51	18,276
551,85	19,416
552,19	19,405
552,54	18,094
552,88	18,183
553,22	18,699
553,56	19,955
553,90	17,598
554,24	19,043
554,58	18,387
554,92	18,642
555,26	18,423
555,60	18,977
555,95	17,336
556,29	18,979
556,63	19,179
556,97	19,058
557,31	19,450
557,65	18,410
557,99	19,422
558,33	20,169
558,67	19,425
559,01	19,479
559,35	18,362
559,69	19,218
560,03	20,375
560,37	19,537
560,71	19,683
561,05	19,488
561,39	19,575
561,73	19,258
562,07	20,106
562,41	19,897
562,75	19,594
563,09	19,029
563,43	18,186
563,77	19,230
564,11	19,837
564,45	19,490
564,79	19,027
565,13	18,690
565,47	19,737
565,81	20,067
566,15	19,812
566,49	19,658
566,83	19,601
567,17	21,157
567,51	20,726
567,85	20,005
568,19	20,116
568,52	20,558
568,86	20,820
569,20	20,289
569,54	20,599
569,88	18,918
570,22	20,730
570,56	21,020
570,90	20,296
571,24	20,441
571,57	20,009
571,91	21,369
572,25	20,344
572,59	19,741
572,93	20,139
573,27	21,422
573,61	20,994
573,95	19,973
574,28	20,500
574,62	19,589
574,96	20,919
575,30	20,785
575,64	19,869
575,97	19,352
576,31	20,391
576,65	21,410
576,99	21,389
577,33	21,564
577,67	23,047
578,00	21,500
578,34	21,275
578,68	21,433
579,02	20,585
579,35	21,388
579,69	21,391
580,03	20,759
580,37	21,754
580,71	20,321
581,04	21,066
581,38	21,292
581,72	21,476
582,06	21,125
582,39	20,999
582,73	21,855
583,07	21,429
583,40	20,891
583,74	20,963
584,08	22,329
584,42	21,778
584,75	21,450
585,09	20,456
585,43	21,523
585,76	20,368
586,10	20,932
586,44	21,886
586,77	20,738
587,11	20,840
587,45	21,739
587,78	21,694
588,12	21,809
588,46	21,497
588,79	21,422
589,13	21,565
589,47	21,931
589,80	22,472
590,14	21,510
590,48	22,243
590,81	21,215
591,15	21,581
591,48	21,554
591,82	21,914
592,16	21,105
592,49	23,397
592,83	21,252
593,16	21,846
593,50	21,707
593,84	21,564
594,17	22,065
594,51	22,369
594,84	22,426
595,18	22,185
595,51	21,218
595,85	21,745
596,19	21,954
596,52	21,202
596,86	22,566
597,19	21,125
597,53	21,553
597,86	21,892
598,20	20,721
598,53	22,599
598,87	20,785
599,20	22,191
599,54	22,298
599,87	22,342
600,21	22,570
600,54	21,466
600,88	21,296
601,21	22,089
601,55	22,245
601,88	22,698
602,22	22,792
602,55	22,550
602,89	22,420
603,22	22,496
603,56	23,025
603,89	21,161
604,23	22,487
604,56	21,620
604,89	22,242
605,23	22,613
605,56	22,605
605,90	22,617
606,23	22,589
606,56	23,067
606,90	22,452
607,23	22,175
607,57	22,706
607,90	23,140
608,23	21,918
608,57	20,586
608,90	22,866
609,24	23,263
609,57	22,419
609,90	22,047
610,24	22,699
610,57	22,206
610,90	22,119
611,24	22,033
611,57	22,197
611,90	21,976
612,24	23,532
612,57	23,428
612,90	22,136
613,24	21,841
613,57	23,087
613,90	21,551
614,24	23,682
614,57	22,507
614,90	22,374
615,24	23,206
615,57	22,792
615,90	23,488
616,23	22,972
616,57	22,778
616,90	22,905
617,23	22,465
617,57	22,745
617,90	21,578
618,23	22,686
618,56	22,300
618,90	22,962
619,23	22,818
619,56	23,277
619,89	22,733
620,22	23,647
620,56	22,380
620,89	21,902
621,22	22,725
621,55	22,133
621,89	23,225
622,22	23,082
622,55	22,168
622,88	23,053
623,21	22,843
623,54	22,096
623,88	22,031
624,21	23,583
624,54	23,098
624,87	23,073
625,20	22,883
625,53	22,070
625,87	22,416
626,20	21,809
626,53	23,575
626,86	23,156
627,19	23,778
627,52	24,235
627,85	24,005
628,18	22,923
628,52	23,791
628,85	22,997
629,18	23,714
629,51	23,483
629,84	23,420
630,17	23,246
630,50	24,296
630,83	23,628
631,16	25,030
631,49	22,803
631,82	23,304
632,15	23,285
632,49	23,903
632,82	24,237
633,15	23,963
633,48	24,142
633,81	23,227
634,14	23,471
634,47	23,487
634,80	23,569
635,13	24,021
635,46	24,164
635,79	22,929
636,12	24,209
636,45	23,591
636,78	24,006
637,11	24,419
637,44	24,170
637,77	23,472
638,10	23,494
638,43	23,941
638,76	23,949
639,09	23,730
639,42	24,140
639,75	23,614
640,07	24,447
640,40	23,475
640,73	24,912
641,06	24,302
641,39	23,905
641,72	23,198
642,05	24,203
642,38	23,574
642,71	23,597
643,04	24,109
643,37	24,040
643,70	24,060
644,02	24,929
644,35	24,013
644,68	24,139
645,01	24,320
645,34	24,306
645,67	24,006
646,00	24,561
646,33	24,791
646,65	23,779
646,98	23,493
647,31	24,831
647,64	24,397
647,97	23,445
648,30	23,308
648,62	23,479
648,95	23,788
649,28	24,187
649,61	23,916
649,94	24,184
650,26	23,678
650,59	24,892
650,92	23,902
651,25	24,659
651,58	23,985
651,90	24,180
652,23	24,537
652,56	23,838
652,89	23,315
653,21	23,235
653,54	24,372
653,87	24,035
654,20	24,004
654,52	23,605
654,85	24,947
655,18	24,341
655,51	23,574
655,83	23,987
656,16	23,759
656,49	25,058
656,81	24,644
657,14	23,092
657,47	23,707
657,80	24,060
658,12	24,299
658,45	23,190
658,78	23,725
659,10	23,562
659,43	23,875
659,76	23,731
660,08	23,180
660,41	23,031
660,74	23,539
661,06	24,190
661,39	24,277
661,71	23,315
662,04	23,768
662,37	23,847
662,69	22,457
663,02	23,401
663,35	23,270
663,67	23,329
664,00	23,773
664,32	23,394
664,65	22,361
664,97	23,311
665,30	22,274
665,63	22,506
665,95	23,868
666,28	22,882
666,60	21,745
666,93	22,483
667,25	23,025
667,58	24,090
667,91	22,777
668,23	22,616
668,56	23,688
668,88	23,405
669,21	22,538
669,53	23,383
669,86	23,177
670,18	23,035
670,51	24,121
670,83	22,774
671,16	23,447
671,48	23,540
671,81	24,104
672,13	22,714
672,46	22,392
672,78	22,764
673,11	23,091
673,43	23,089
673,75	23,360
674,08	23,765
674,40	23,529
674,73	23,158
675,05	23,486
675,38	22,434
675,70	23,039
676,02	23,275
676,35	22,914
676,67	23,330
677,00	23,350
677,32	22,144
677,65	23,691
677,97	22,127
678,29	23,365
678,62	23,979
678,94	23,020
679,26	23,260
679,59	22,904
679,91	22,695
680,23	22,880
680,56	22,499
680,88	22,492
681,21	22,426
681,53	21,302
681,85	22,627
682,18	22,416
682,50	22,061
682,82	23,161
683,14	23,080
683,47	22,060
683,79	21,186
684,11	22,364
684,44	21,686
684,76	22,983
685,08	22,706
685,41	22,482
685,73	22,082
686,05	22,867
686,37	22,018
686,70	22,196
687,02	22,273
687,34	22,563
687,66	23,210
687,99	22,415
688,31	22,671
688,63	21,941
688,95	22,555
689,27	22,199
689,60	21,039
689,92	21,979
690,24	22,652
690,56	22,432
690,89	22,508
691,21	21,996
691,53	22,681
691,85	21,316
692,17	21,736
692,49	22,444
692,82	22,082
693,14	21,444
693,46	22,151
693,78	23,130
694,10	21,596
694,42	21,269
694,74	20,960
695,07	22,397
695,39	21,380
695,71	21,725
696,03	21,683
696,35	20,154
696,67	22,514
696,99	22,448
697,31	21,476
697,63	23,006
697,96	22,295
698,28	22,152
698,60	22,584
698,92	22,055
699,24	20,930
699,56	22,985
699,88	21,735
700,20	20,836
700,52	22,028
700,84	22,566
701,16	21,737
701,48	21,892
701,80	21,034
702,12	20,533
702,44	21,396
702,76	22,262
703,08	21,106
703,40	20,745
703,72	20,171
704,04	20,904
704,36	21,122
704,68	21,720
705,00	20,024
705,32	21,728
705,64	20,614
705,96	20,843
706,28	20,990
706,60	22,458
706,92	20,596
707,24	20,711
707,56	20,853
707,88	21,981
708,20	21,540
708,52	20,701
708,84	20,560
709,15	21,218
709,47	20,021
709,79	19,331
710,11	21,304
710,43	21,191
710,75	19,373
711,07	19,897
711,39	21,330
711,71	20,882
712,02	20,149
712,34	20,459
712,66	18,339
712,98	19,636
713,30	20,977
713,62	18,272
713,94	20,104
714,25	20,853
714,57	19,652
714,89	20,173
715,21	20,600
715,53	19,725
715,84	18,770
716,16	19,086
716,48	19,917
716,80	19,102
717,12	19,438
717,43	19,025
717,75	19,210
718,07	19,988
718,39	19,398
718,70	19,431
719,02	19,456
719,34	18,493
719,66	19,468
719,97	19,565
720,29	18,586
720,61	19,860
720,93	19,180
721,24	19,077
721,56	18,360
721,88	18,126
722,19	17,880
722,51	18,374
722,83	18,365
723,15	17,825
723,46	18,657
723,78	19,054
724,10	18,026
724,41	17,043
724,73	19,949
725,05	18,577
725,36	16,974
725,68	17,368
726,00	16,935
726,31	17,394
726,63	16,943
726,94	18,883
727,26	17,463
727,58	17,410
727,89	17,553
728,21	18,835
728,53	16,722
728,84	17,999
729,16	17,619
729,47	17,860
729,79	15,925
730,10	16,080
730,42	17,628
730,74	16,309
731,05	18,736
731,37	17,509
731,68	16,158
732,00	16,466
732,31	18,068
732,63	17,320
732,94	17,148
733,26	17,041
733,57	16,977
733,89	16,770
734,21	14,520
734,52	16,795
734,84	16,004
735,15	16,054
735,47	18,695
735,78	15,828
736,09	17,642
736,41	15,457
736,72	17,356
737,04	15,921
737,35	16,924
737,67	16,705
737,98	17,024
738,30	15,733
738,61	16,103
738,93	15,825
739,24	17,993
739,55	16,019
739,87	16,305
740,18	16,954
740,50	17,539
740,81	17,308
741,12	17,565
741,44	17,474
741,75	15,482
742,07	14,865
742,38	15,826
742,69	17,607
743,01	19,525
743,32	18,362
743,63	17,972
743,95	16,372
744,26	17,571
744,58	17,509
744,89	18,678
745,20	18,568
745,52	17,611
745,83	18,034
746,14	18,308
746,45	18,271
746,77	17,580
747,08	19,283
747,39	19,008
747,71	17,950
748,02	18,576
748,33	19,167
748,64	18,404
748,96	17,200
749,27	17,702
749,58	17,256
749,90	19,512
750,21	18,340
750,52	17,199
750,83	18,412
751,14	17,900
751,46	17,158
751,77	17,690
752,08	20,137
752,39	18,653
752,71	18,960
753,02	17,686
753,33	18,870
753,64	17,771
753,95	18,676
754,27	19,380
754,58	19,371
754,89	17,768
755,20	17,891
755,51	15,463
755,82	17,579
756,14	18,143
756,45	17,521
756,76	20,074
757,07	16,535
757,38	18,420
757,69	15,932
758,00	17,235
758,31	18,025
758,63	18,112
758,94	19,075
759,25	17,985
759,56	17,779
759,87	17,562
760,18	18,252
760,49	18,795
760,80	18,115
761,11	16,993
761,42	16,059
761,73	15,743
762,04	16,281
762,35	16,935
762,66	17,994
762,97	18,351
763,28	18,107
763,60	15,742
763,91	16,954
764,22	17,215
764,53	16,672
764,84	16,424
765,15	15,960
765,46	17,604
765,77	16,317
766,08	15,788
766,38	16,228
766,69	15,918
767,00	14,727
767,31	15,022
767,62	14,911
767,93	14,230
768,24	16,151
768,55	15,031
768,86	15,347
769,17	13,958
769,48	13,836
769,79	12,856
770,10	16,517
770,41	15,995
770,72	13,817
771,02	13,994
771,33	14,041
771,64	13,339
771,95	13,457
772,26	14,475
772,57	14,243
772,88	15,789
773,19	13,492
773,49	13,749
773,80	13,966
774,11	14,631
774,42	14,200
774,73	14,429
775,04	12,884
775,34	12,772
775,65	12,306
775,96	12,663
776,27	11,795
776,58	11,073
776,89	10,573
777,19	10,785
777,50	13,945
777,81	13,480
778,12	13,467
778,42	14,296
778,73	12,917
779,04	12,081
779,35	11,297
779,65	8,628
779,96	9,722
780,27	10,630
780,58	11,985
780,88	11,364
781,19	10,817
781,50	14,362
781,81	10,781
782,11	9,626
782,42	11,681
782,73	9,552
783,03	8,078
783,34	8,220
783,65	12,304
783,95	9,288
784,26	11,045
784,57	8,631
784,87	11,892
785,18	8,747
785,49	11,259
785,79	9,681
786,10	8,429
786,41	9,367
786,71	9,101
787,02	10,372
787,32	8,594
787,63	8,031
787,94	11,904
788,24	8,990
788,55	8,997
788,85	8,332
789,16	8,568
789,47	8,223
789,77	8,328
790,08	5,351
790,38	8,199
790,69	4,679
790,99	9,842
791,30	9,015
791,60	7,328
791,91	5,300
792,21	6,861
792,52	8,059
792,83	8,917
793,13	6,845
793,44	4,875
793,74	5,001
794,05	5,415
794,35	5,360
794,65	4,705
794,96	3,879
795,26	8,216
795,57	8,860
795,87	7,508
796,18	8,102
796,48	2,851
796,79	6,241
797,09	4,244
797,40	4,225
797,70	2,730
798,00	1,576
798,31	0,152
798,61	3,595
798,92	4,521
799,22	5,978
799,53	5,573
799,83	2,674
800,13	0,976
800,44	1,970
800,74	1,538
801,04	1,422
801,35	3,343
801,65	0,901
801,95	6,490
802,26	2,422
802,56	2,063
802,87	1,630
803,17	1,718
803,47	-0,775
803,77	0,335
804,08	5,577
804,38	3,456
804,68	0,114
804,99	-0,875
805,29	1,205
805,59	-1,238
805,90	5,316
806,20	0,518
806,50	-0,354
806,80	-2,231
807,11	-4,723
807,41	0,460
807,71	-0,327
808,01	-0,091
808,32	-0,000
808,62	-2,764
808,92	-1,725
809,22	0,769
809,53	-1,537
809,83	-4,626
810,13	-0,619
810,43	-0,728
810,73	-1,899
811,04	-0,299
811,34	-0,584
811,64	-3,573
811,94	-0,828
812,24	-4,852
812,54	-4,619
812,85	-3,931
813,15	-2,105
813,45	-3,025
813,75	-3,232
814,05	-3,728
814,35	0,031
814,65	-1,230
814,96	-0,331
815,26	-8,222
815,56	-5,839
815,86	-4,407
816,16	-5,925
816,46	-3,089
816,76	-4,811
817,06	-4,553
817,36	-3,627
817,66	-3,638
817,96	-5,312
818,26	-7,369
818,57	-11,381
818,87	-7,608
819,17	-9,369
819,47	-5,467
819,77	-3,735
820,07	-6,442
820,37	-8,183
820,67	-8,220
820,97	-10,663
821,27	-8,288
821,57	-7,478
821,87	-9,017
822,17	-6,335
822,47	-4,340
822,77	-8,091
823,07	-8,879
823,37	-8,683
823,67	-8,625
823,97	-6,771
824,26	-10,856
824,56	-5,074
824,86	-6,727
825,16	-11,226
825,46	-7,948
825,76	-10,693
826,06	-5,991
826,36	-10,905
826,66	-5,706
826,96	-5,568
827,26	-10,637
827,56	-7,574
827,85	-6,167
828,15	-7,362
828,45	-10,982
828,75	-8,923
829,05	-8,253
829,35	-10,849
829,65	-7,605
829,94	-9,162
830,24	-15,382
830,54	-11,769
830,84	-7,235
831,14	-7,403
831,44	-12,394
831,73	-11,832
832,03	-9,005
832,33	-11,150
832,63	-12,653
832,93	-10,407
833,22	-10,105
833,52	-13,154
833,82	-10,720
834,12	-12,062
834,41	-12,837
834,71	-7,937
835,01	-11,002
835,31	-11,551
835,60	-12,550
835,90	-7,168
836,20	-11,760
836,49	-15,097
836,79	-14,867
837,09	-11,314
837,39	-14,303
837,68	-11,491
837,98	-12,973
838,28	-17,244
838,57	-15,747
838,87	-11,452
839,17	-12,697
839,46	-11,868
839,76	-18,631
840,06	-16,525
840,35	-15,724
840,65	-5,868
840,95	-11,698
841,24	-21,422
841,54	-18,107
841,83	-21,062
842,13	-17,244
842,43	-23,692
842,72	-13,204
843,02	-8,974
843,31	-11,529
843,61	-14,877
843,91	-12,641
844,20	-20,708
844,50	-16,191
844,79	-13,476
845,09	-20,177
845,38	-23,084
845,68	-16,038
845,98	-16,431
846,27	-16,354
846,57	-14,128
846,86	-7,341
847,16	-15,888
847,45	-14,128
847,75	-15,854
848,04	-21,034
848,34	-13,951
848,63	-13,526
848,93	-13,841
849,22	-14,432
849,52	-22,502
849,81	-20,303
850,10	-15,381
850,40	-14,435
850,69	-22,463
850,99	-22,499
851,28	-16,921
851,58	-15,724
851,87	-24,530
852,16	-20,483
852,46	-19,006
852,75	-14,408
853,05	-18,771
853,34	-20,403
853,63	-29,905
853,93	-21,448
854,22	-27,864
854,52	-21,222
854,81	-18,750
855,10	-23,896
855,40	-27,498
855,69	-25,811
855,98	-25,688
856,28	-29,203
856,57	-26,128
856,86	-19,380
857,16	-27,681
857,45	-27,478
857,74	-22,174
858,04	-21,836
858,33	-26,429
858,62	-21,702
858,92	-22,420
859,21	-29,036
859,50	-23,459
859,79	-22,510
860,09	-15,531
860,38	-28,371
860,67	-22,513
860,96	-26,063
861,26	-31,544
861,55	-22,300
861,84	-24,838
862,13	-24,950
862,43	-24,123
862,72	-25,805
863,01	-21,701
863,30	-30,112
863,59	-25,588
863,89	-17,709
864,18	-24,405
864,47	-24,330
864,76	-20,472
865,05	-30,936
865,34	-26,488
865,64	-27,258
865,93	-29,340
866,22	-30,321
866,51	-31,229
866,80	-32,885
867,09	-29,848
867,38	-31,426
867,67	-26,670
867,97	-35,442
868,26	-34,574
868,55	-29,555
868,84	-33,911
869,13	-28,231
869,42	-23,990
869,71	-25,932
870,00	-37,134
870,29	-23,953
870,58	-31,525
870,87	-23,532
871,16	-29,746
871,45	-25,358
871,74	-33,880
872,04	-34,706
872,33	-25,330
872,62	-23,834
872,91	-24,742
873,20	-32,955
873,49	-29,418
873,78	-29,418
874,07	-29,418
