180,12	-2221,277
180,49	-2221,277
180,87	-2221,277
181,25	-492,683
181,63	-1190,476
182,01	-1932,692
182,38	-1143,023
182,76	2528,205
183,14	-526,966
183,52	-804,237
183,89	-1218,293
184,27	-512,500
184,65	-406,863
185,03	4386,364
185,40	-707,519
185,78	-635,075
186,16	-448,936
186,54	-3093,333
186,91	-792,913
187,29	-843,434
187,67	-638,961
188,05	-663,830
188,42	24975,000
188,80	-1665,517
189,18	-206,154
189,56	-246,649
189,93	-289,008
190,31	-218,201
190,69	-283,442
191,06	-352,593
191,44	-206,279
191,82	-220,202
192,20	-177,344
192,57	-261,721
192,95	-237,245
193,33	-301,577
193,70	-139,236
194,08	-195,183
194,46	-308,857
194,83	-187,076
195,21	-226,279
195,59	-246,923
195,96	-196,474
196,34	-281,924
196,72	-270,085
197,09	-239,898
197,47	-231,455
197,85	-219,290
198,22	-193,271
198,60	-238,919
198,98	-219,773
199,35	-196,061
199,73	-180,777
200,11	-268,992
200,48	-204,536
200,86	-205,556
201,24	-158,053
201,61	-247,887
201,99	-222,955
202,37	-221,853
202,74	-214,286
203,12	-193,939
203,49	-189,662
203,87	-214,607
204,25	-240,415
204,62	-204,583
205,00	-181,250
205,37	-161,079
205,75	-161,996
206,13	-229,551
206,50	-204,241
206,88	-197,280
207,25	-170,635
207,63	-218,142
208,01	-136,216
208,38	-234,906
208,76	-163,441
209,13	-194,923
209,51	-171,589
209,88	-198,133
210,26	-215,812
210,64	-163,308
211,01	-166,976
211,39	-159,658
211,76	-127,315
212,14	-208,333
212,51	-142,647
212,89	-243,392
213,26	-136,788
213,64	-104,177
214,02	-79,221
214,39	-132,859
214,77	-102,213
215,14	-98,755
215,52	-76,980
215,89	-62,413
216,27	-59,371
216,64	-52,484
217,02	-54,658
217,39	-46,360
217,77	-34,412
218,14	-42,045
218,52	-33,731
218,89	-32,896
219,27	-29,972
219,64	-27,561
220,02	-26,931
220,39	-24,949
220,77	-24,497
221,14	-20,049
221,52	-21,848
221,89	-18,619
222,27	-16,689
222,64	-18,434
223,02	-15,870
223,39	-14,013
223,77	-14,360
224,14	-14,364
224,51	-11,532
224,89	-12,693
225,26	-10,453
225,64	-12,039
226,01	-11,439
226,39	-9,230
226,76	-9,398
227,14	-8,716
227,51	-9,288
227,88	-8,146
228,26	-7,253
228,63	-7,194
229,01	-7,679
229,38	-4,932
229,75	-6,310
230,13	-5,576
230,50	-4,978
230,88	-4,474
231,25	-4,728
231,63	-3,652
232,00	-4,510
232,37	-3,764
232,75	-3,391
233,12	-3,660
233,49	-3,331
233,87	-3,411
234,24	-3,607
234,62	-3,649
234,99	-2,921
235,36	-2,639
235,74	-2,251
236,11	-3,000
236,48	-2,566
236,86	-1,895
237,23	-2,494
237,60	-1,948
237,98	-1,461
238,35	-1,607
238,73	-1,274
239,10	-2,040
239,47	-1,914
239,85	-1,127
240,22	-0,891
240,59	-1,271
240,96	-1,132
241,34	-1,100
241,71	-1,081
242,08	-0,936
242,46	-1,083
242,83	-0,667
243,20	-0,377
243,58	-0,451
243,95	-0,443
244,32	-0,445
244,70	-0,016
245,07	-0,467
245,44	-0,515
245,81	-0,736
246,19	0,108
246,56	-0,357
246,93	-0,316
247,31	-0,047
247,68	-0,534
248,05	-0,689
248,42	-0,363
248,80	-0,289
249,17	-0,243
249,54	-0,198
249,91	-0,092
250,29	0,416
250,66	0,177
251,03	0,058
251,40	0,420
251,78	0,226
252,15	0,046
252,52	0,238
252,89	0,465
253,26	-0,129
253,64	0,645
254,01	0,091
254,38	0,638
254,75	0,963
255,12	0,844
255,50	0,457
255,87	1,088
256,24	0,711
256,61	0,898
256,98	-0,022
257,36	0,581
257,73	0,951
258,10	1,112
258,47	0,906
258,84	0,748
259,22	1,016
259,59	0,868
259,96	0,881
260,33	0,877
260,70	0,623
261,07	1,121
261,45	0,909
261,82	0,823
262,19	0,746
262,56	0,789
262,93	1,010
263,30	1,111
263,67	0,663
264,04	1,069
264,42	0,823
264,79	0,684
265,16	1,269
265,53	1,336
265,90	0,842
266,27	0,999
266,64	0,947
267,01	0,823
267,39	1,169
267,76	1,022
268,13	0,950
268,50	0,665
268,87	1,325
269,24	0,785
269,61	1,006
269,98	1,094
270,35	1,103
270,72	1,247
271,09	0,882
271,46	0,777
271,84	1,061
272,21	1,005
272,58	1,031
272,95	0,997
273,32	0,580
273,69	1,148
274,06	0,846
274,43	0,659
274,80	1,027
275,17	0,612
275,54	0,568
275,91	0,842
276,28	0,735
276,65	1,161
277,02	1,051
277,39	1,044
277,76	0,607
278,13	0,827
278,50	0,415
278,87	0,488
279,24	0,711
279,61	0,665
279,98	0,728
280,35	0,599
280,72	0,619
281,09	0,804
281,46	0,103
281,83	0,519
282,20	0,606
282,57	0,399
282,94	0,462
283,31	0,502
283,68	0,699
284,05	0,675
284,42	0,901
284,79	0,715
285,16	0,548
285,53	0,551
285,90	0,717
286,27	0,846
286,64	0,726
287,00	0,539
287,37	0,617
287,74	0,817
288,11	1,146
288,48	0,587
288,85	1,159
289,22	0,872
289,59	0,808
289,96	1,335
290,33	0,861
290,70	0,979
291,07	1,143
291,43	0,934
291,80	1,045
292,17	1,113
292,54	1,046
292,91	1,240
293,28	0,927
293,65	1,119
294,02	1,085
294,38	1,042
294,75	1,152
295,12	1,332
295,49	0,830
295,86	1,193
296,23	1,315
296,60	1,074
296,96	1,170
297,33	1,341
297,70	1,180
298,07	1,251
298,44	1,357
298,81	1,497
299,17	1,230
299,54	1,161
299,91	1,022
300,28	1,276
300,65	1,321
301,02	1,034
301,38	1,313
301,75	1,471
302,12	1,542
302,49	1,246
302,86	1,232
303,22	1,408
303,59	1,375
303,96	1,228
304,33	1,314
304,69	1,299
305,06	1,140
305,43	1,085
305,80	1,289
306,17	1,264
306,53	1,419
306,90	0,927
307,27	1,242
307,64	1,223
308,00	1,116
308,37	1,019
308,74	1,070
309,11	1,027
309,47	1,357
309,84	1,527
310,21	1,341
310,57	1,270
310,94	1,372
311,31	1,489
311,68	1,322
312,04	1,394
312,41	1,420
312,78	1,298
313,14	1,129
313,51	1,544
313,88	1,282
314,25	0,806
314,61	1,239
314,98	1,178
315,35	1,154
315,71	1,097
316,08	1,176
316,45	0,983
316,81	1,134
317,18	0,955
317,55	1,171
317,91	0,877
318,28	0,985
318,65	1,335
319,01	1,168
319,38	1,076
319,75	1,211
320,11	1,183
320,48	1,214
320,84	1,022
321,21	1,412
321,58	0,774
321,94	0,960
322,31	1,122
322,68	0,928
323,04	0,747
323,41	1,121
323,77	0,961
324,14	1,238
324,51	0,948
324,87	0,803
325,24	1,266
325,60	1,121
325,97	1,293
326,33	1,157
326,70	0,941
327,07	1,202
327,43	1,022
327,80	0,907
328,16	1,686
328,53	1,212
328,89	1,432
329,26	1,438
329,63	0,836
329,99	1,047
330,36	0,889
330,72	1,126
331,09	1,001
331,45	1,263
331,82	1,115
332,18	0,856
332,55	1,319
332,91	0,962
333,28	1,070
333,64	0,794
334,01	0,879
334,37	0,695
334,74	1,188
335,10	0,710
335,47	0,887
335,83	0,360
336,20	0,658
336,56	0,706
336,93	1,015
337,29	0,971
337,66	0,782
338,02	0,859
338,39	1,281
338,75	0,714
339,12	0,606
339,48	0,485
339,85	0,866
340,21	1,048
340,57	1,175
340,94	0,683
341,30	0,716
341,67	1,241
342,03	1,073
342,40	0,798
342,76	0,898
343,13	0,968
343,49	0,636
343,85	1,013
344,22	1,052
344,58	0,955
344,95	1,117
345,31	1,357
345,67	1,112
346,04	1,375
346,40	1,005
346,77	0,839
347,13	0,845
347,49	1,149
347,86	0,941
348,22	1,426
348,58	0,912
348,95	1,265
349,31	1,241
349,68	1,070
350,04	1,389
350,40	1,591
350,77	1,402
351,13	1,458
351,49	1,559
351,86	1,149
352,22	1,455
352,58	1,415
352,95	1,275
353,31	1,351
353,67	1,390
354,04	1,327
354,40	1,720
354,76	1,704
355,13	1,264
355,49	2,172
355,85	1,902
356,21	1,529
356,58	1,495
356,94	2,117
357,30	2,269
357,67	2,053
358,03	2,348
358,39	2,148
358,75	2,657
359,12	1,839
359,48	2,373
359,84	2,451
360,21	2,174
360,57	2,442
360,93	2,456
361,29	2,625
361,66	2,790
362,02	2,874
362,38	3,062
362,74	3,438
363,10	3,549
363,47	3,661
363,83	3,054
364,19	3,332
364,55	3,194
364,92	3,488
365,28	3,883
365,64	3,775
366,00	3,889
366,36	3,838
366,73	4,423
367,09	4,732
367,45	4,483
367,81	4,351
368,17	4,844
368,54	4,748
368,90	4,967
369,26	5,151
369,62	5,367
369,98	5,129
370,34	5,629
370,71	5,934
371,07	6,185
371,43	6,174
371,79	6,312
372,15	6,957
372,51	6,503
372,87	6,825
373,24	6,916
373,60	7,390
373,96	7,603
374,32	7,258
374,68	8,015
375,04	7,796
375,40	8,263
375,76	8,331
376,12	8,518
376,49	8,687
376,85	8,864
377,21	8,971
377,57	8,771
377,93	9,350
378,29	9,935
378,65	9,921
379,01	10,216
379,37	10,578
379,73	11,037
380,09	10,417
380,45	10,996
380,81	11,491
381,18	11,076
381,54	12,169
381,90	11,674
382,26	12,452
382,62	11,993
382,98	12,592
383,34	12,465
383,70	13,003
384,06	13,390
384,42	13,463
384,78	13,169
385,14	13,124
385,50	13,740
385,86	13,727
386,22	13,983
386,58	14,054
386,94	14,767
387,30	15,227
387,66	15,113
388,02	15,118
388,38	15,872
388,74	15,017
389,10	15,957
389,46	16,026
389,82	16,137
390,18	15,700
390,54	16,224
390,90	16,443
391,26	16,993
391,62	17,693
391,97	17,195
392,33	17,466
392,69	17,591
393,05	17,694
393,41	17,901
393,77	18,576
394,13	17,870
394,49	18,275
394,85	17,688
395,21	17,808
395,57	18,803
395,93	18,631
396,29	19,023
396,64	18,997
397,00	18,824
397,36	18,777
397,72	19,197
398,08	19,171
398,44	19,855
398,80	20,019
399,16	20,062
399,51	19,442
399,87	19,774
400,23	20,230
400,59	20,120
400,95	20,482
401,31	20,014
401,67	20,214
402,02	20,250
402,38	20,260
402,74	19,690
403,10	20,361
403,46	20,147
403,82	20,544
404,17	21,010
404,53	21,328
404,89	20,703
405,25	20,769
405,61	21,603
405,96	20,864
406,32	20,320
406,68	21,259
407,04	21,679
407,40	21,051
407,75	20,440
408,11	21,765
408,47	21,475
408,83	21,601
409,19	21,160
409,54	21,147
409,90	22,054
410,26	21,124
410,62	22,212
410,97	21,222
411,33	21,224
411,69	21,616
412,05	21,416
412,40	22,043
412,76	22,366
413,12	21,203
413,47	22,561
413,83	22,337
414,19	21,858
414,55	21,483
414,90	22,202
415,26	22,200
415,62	21,408
415,97	22,513
416,33	21,781
416,69	21,393
417,04	22,495
417,40	21,489
417,76	22,364
418,12	22,215
418,47	22,826
418,83	22,570
419,19	22,361
419,54	22,166
419,90	22,311
420,25	23,109
420,61	22,999
420,97	22,817
421,32	23,360
421,68	23,918
422,04	22,932
422,39	22,465
422,75	23,489
423,11	22,971
423,46	23,267
423,82	22,465
424,17	23,426
424,53	23,321
424,89	22,602
425,24	23,025
425,60	22,577
425,95	22,920
426,31	23,072
426,67	22,678
427,02	23,603
427,38	22,907
427,73	22,596
428,09	23,851
428,44	23,430
428,80	23,685
429,16	24,364
429,51	24,750
429,87	23,885
430,22	24,540
430,58	23,356
430,93	23,730
431,29	23,618
431,64	23,021
432,00	22,274
432,35	23,991
432,71	22,857
433,06	23,842
433,42	23,894
433,77	23,212
434,13	23,504
434,48	23,537
434,84	22,702
435,19	22,709
435,55	22,953
435,90	23,223
436,26	23,264
436,61	22,797
436,97	24,411
437,32	22,020
437,68	22,277
438,03	21,697
438,39	22,644
438,74	22,235
439,10	21,563
439,45	21,970
439,81	22,641
440,16	22,632
440,51	21,755
440,87	21,129
441,22	22,106
441,58	21,800
441,93	22,679
442,29	21,626
442,64	22,239
442,99	20,964
443,35	20,817
443,70	21,227
444,06	20,610
444,41	20,684
444,76	19,187
445,12	19,139
445,47	19,419
445,82	19,552
446,18	18,351
446,53	19,359
446,89	17,694
447,24	17,064
447,59	17,098
447,95	18,396
448,30	16,795
448,65	17,030
449,01	17,056
449,36	17,680
449,71	18,439
450,07	17,284
450,42	17,787
450,77	17,339
451,13	17,334
451,48	18,322
451,83	18,040
452,19	18,734
452,54	18,047
452,89	19,008
453,25	19,897
453,60	20,250
453,95	18,932
454,30	20,576
454,66	21,809
455,01	21,537
455,36	22,291
455,71	21,362
456,07	21,608
456,42	22,410
456,77	23,485
457,13	21,063
457,48	22,309
457,83	22,250
458,18	22,474
458,53	23,599
458,89	22,815
459,24	22,814
459,59	22,503
459,94	22,160
460,30	22,318
460,65	22,580
461,00	22,927
461,35	21,445
461,70	22,172
462,06	23,046
462,41	22,614
462,76	22,526
463,11	23,181
463,46	22,649
463,82	22,295
464,17	21,007
464,52	22,078
464,87	22,606
465,22	22,370
465,57	23,567
465,93	23,431
466,28	23,748
466,63	23,094
466,98	23,091
467,33	23,841
467,68	23,599
468,03	22,799
468,39	23,656
468,74	23,370
469,09	24,603
469,44	24,093
469,79	24,069
470,14	24,579
470,49	24,219
470,84	24,141
471,19	24,996
471,55	24,234
471,90	25,172
472,25	24,035
472,60	24,180
472,95	24,194
473,30	24,298
473,65	24,551
474,00	24,043
474,35	24,756
474,70	24,035
475,05	23,729
475,40	23,754
475,75	23,538
476,10	23,782
476,45	23,383
476,80	23,703
477,15	23,449
477,50	23,612
477,85	23,629
478,21	22,881
478,56	24,402
478,91	23,346
479,26	22,839
479,61	22,553
479,96	23,002
480,31	22,971
480,66	22,079
481,00	22,653
481,35	23,013
481,70	24,044
482,05	23,481
482,40	22,241
482,75	23,723
483,10	22,274
483,45	24,156
483,80	23,315
484,15	23,831
484,50	22,956
484,85	23,847
485,20	23,294
485,55	22,873
485,90	23,732
486,25	23,073
486,60	24,247
486,95	24,184
487,30	24,132
487,64	23,630
487,99	23,676
488,34	23,816
488,69	23,579
489,04	23,337
489,39	23,305
489,74	24,152
490,09	23,736
490,44	24,425
490,78	24,336
491,13	25,554
491,48	24,506
491,83	23,179
492,18	23,868
492,53	23,634
492,88	24,022
493,22	23,716
493,57	24,200
493,92	22,872
494,27	23,876
494,62	23,290
494,97	22,948
495,31	23,146
495,66	22,181
496,01	23,640
496,36	22,569
496,71	22,744
497,05	22,481
497,40	23,415
497,75	21,755
498,10	22,747
498,45	23,059
498,79	22,040
499,14	23,541
499,49	22,311
499,84	21,748
500,18	22,750
500,53	22,413
500,88	22,109
501,23	22,838
501,57	23,529
501,92	22,221
502,27	22,672
502,62	22,231
502,96	22,844
503,31	22,517
503,66	23,191
504,00	22,735
504,35	23,407
504,70	24,119
505,05	24,291
505,39	23,657
505,74	23,507
506,09	24,185
506,43	23,866
506,78	24,045
507,13	25,117
507,47	23,405
507,82	24,546
508,17	24,369
508,51	23,825
508,86	25,089
509,21	23,809
509,55	24,198
509,90	25,131
510,25	24,209
510,59	24,513
510,94	24,773
511,29	24,340
511,63	24,577
511,98	23,877
512,32	23,914
512,67	23,556
513,02	24,028
513,36	23,011
513,71	22,101
514,05	23,068
514,40	22,012
514,75	22,774
515,09	20,800
515,44	22,609
515,78	22,501
516,13	20,480
516,48	21,523
516,82	21,338
517,17	21,640
517,51	21,938
517,86	20,578
518,20	20,412
518,55	21,905
518,89	20,419
519,24	20,130
519,58	20,291
519,93	19,643
520,27	20,712
520,62	20,757
520,96	20,588
521,31	20,048
521,66	20,477
522,00	20,944
522,35	20,725
522,69	20,041
523,03	19,765
523,38	20,436
523,72	19,983
524,07	20,168
524,41	21,277
524,76	20,619
525,10	22,131
525,45	20,379
525,79	21,202
526,14	21,252
526,48	21,533
526,83	21,057
527,17	22,214
527,51	21,037
527,86	20,925
528,20	20,928
528,55	21,695
528,89	19,792
529,24	20,421
529,58	20,601
529,92	20,315
530,27	21,004
530,61	20,291
530,96	20,437
531,30	21,152
531,64	20,197
531,99	20,000
532,33	18,736
532,67	21,039
533,02	20,900
533,36	21,349
533,71	19,807
534,05	20,185
534,39	20,569
534,74	21,019
535,08	20,629
535,42	20,704
535,77	19,361
536,11	22,082
536,45	20,451
536,80	21,908
537,14	22,049
537,48	20,004
537,82	19,960
538,17	21,402
538,51	21,422
538,85	19,525
539,20	19,944
539,54	20,451
539,88	21,166
540,22	19,699
540,57	20,555
540,91	19,126
541,25	20,807
541,60	21,129
541,94	19,998
542,28	20,106
542,62	21,421
542,97	21,368
543,31	21,405
543,65	20,486
543,99	21,074
544,33	20,784
544,68	20,899
545,02	20,724
545,36	22,155
545,70	20,905
546,05	19,279
546,39	20,841
546,73	21,270
547,07	22,476
547,41	21,280
547,75	21,821
548,10	19,910
548,44	22,710
548,78	19,856
549,12	20,411
549,46	20,871
549,80	21,408
550,15	21,497
550,49	20,094
550,83	21,366
551,17	20,756
551,51	20,313
551,85	22,058
552,19	21,710
552,54	23,404
552,88	20,918
553,22	22,201
553,56	20,030
553,90	20,198
554,24	21,057
554,58	21,447
554,92	21,566
555,26	19,985
555,60	20,802
555,95	21,024
556,29	21,110
556,63	22,366
556,97	21,198
557,31	20,923
557,65	21,422
557,99	22,028
558,33	22,408
558,67	22,107
559,01	21,141
559,35	21,508
559,69	21,237
560,03	21,989
560,37	21,861
560,71	22,113
561,05	21,640
561,39	22,018
561,73	21,910
562,07	22,253
562,41	20,404
562,75	22,315
563,09	21,068
563,43	21,061
563,77	21,658
564,11	23,193
564,45	22,020
564,79	21,705
565,13	21,087
565,47	22,315
565,81	22,694
566,15	22,565
566,49	22,750
566,83	22,731
567,17	22,678
567,51	22,998
567,85	23,470
568,19	22,171
568,52	22,678
568,86	23,123
569,20	21,999
569,54	22,513
569,88	22,560
570,22	22,689
570,56	23,016
570,90	22,812
571,24	23,209
571,57	22,719
571,91	22,508
572,25	21,634
572,59	21,822
572,93	22,188
573,27	22,780
573,61	22,802
573,95	22,269
574,28	22,661
574,62	22,013
574,96	22,062
575,30	22,445
575,64	21,676
575,97	22,346
576,31	22,566
576,65	23,048
576,99	22,604
577,33	22,398
577,67	23,937
578,00	23,206
578,34	22,399
578,68	23,340
579,02	21,874
579,35	22,554
579,69	23,397
580,03	21,528
580,37	22,705
580,71	22,152
581,04	22,079
581,38	22,865
581,72	23,602
582,06	22,434
582,39	21,756
582,73	22,957
583,07	21,778
583,40	22,180
583,74	22,048
584,08	22,946
584,42	22,800
584,75	23,047
585,09	22,274
585,43	22,652
585,76	22,902
586,10	22,564
586,44	22,407
586,77	21,177
587,11	21,836
587,45	22,866
587,78	23,400
588,12	22,627
588,46	23,480
588,79	22,326
589,13	22,357
589,47	23,688
589,80	23,505
590,14	23,166
590,48	23,371
590,81	23,952
591,15	23,306
591,48	23,801
591,82	22,664
592,16	22,362
592,49	24,877
592,83	21,819
593,16	23,297
593,50	23,472
593,84	22,746
594,17	23,822
594,51	22,329
594,84	22,099
595,18	23,622
595,51	23,255
595,85	23,073
596,19	22,442
596,52	22,834
596,86	23,356
597,19	22,796
597,53	23,991
597,86	22,581
598,20	21,572
598,53	23,897
598,87	21,619
599,20	22,905
599,54	23,555
599,87	21,783
600,21	23,502
600,54	22,130
600,88	23,046
601,21	23,026
601,55	22,757
601,88	23,905
602,22	23,952
602,55	22,694
602,89	23,068
603,22	23,106
603,56	24,101
603,89	22,424
604,23	23,108
604,56	23,323
604,89	23,004
605,23	23,754
605,56	23,368
605,90	23,290
606,23	23,563
606,56	23,582
606,90	24,430
607,23	22,814
607,57	23,289
607,90	22,409
608,23	22,920
608,57	23,111
608,90	22,340
609,24	22,991
609,57	22,739
609,90	22,156
610,24	24,286
610,57	22,996
610,90	23,387
611,24	22,633
611,57	22,797
611,90	22,957
612,24	23,517
612,57	23,139
612,90	22,482
613,24	23,948
613,57	22,984
613,90	21,943
614,24	23,737
614,57	23,513
614,90	23,083
615,24	23,199
615,57	22,553
615,90	23,371
616,23	23,043
616,57	23,394
616,90	23,236
617,23	23,087
617,57	23,674
617,90	22,518
618,23	23,421
618,56	22,363
618,90	22,441
619,23	22,716
619,56	22,906
619,89	21,980
620,22	22,902
620,56	22,940
620,89	22,441
621,22	21,955
621,55	21,769
621,89	22,886
622,22	23,440
622,55	22,953
622,88	22,903
623,21	22,757
623,54	22,971
623,88	21,991
624,21	23,263
624,54	23,106
624,87	23,586
625,20	23,622
625,53	22,444
625,87	22,416
626,20	22,815
626,53	22,519
626,86	23,132
627,19	23,484
627,52	23,783
627,85	23,775
628,18	22,954
628,52	23,079
628,85	23,630
629,18	23,110
629,51	22,971
629,84	22,622
630,17	23,396
630,50	22,870
630,83	22,814
631,16	24,116
631,49	22,685
631,82	23,482
632,15	23,090
632,49	23,528
632,82	23,644
633,15	22,511
633,48	23,673
633,81	22,928
634,14	23,486
634,47	23,275
634,80	23,488
635,13	24,079
635,46	23,187
635,79	23,147
636,12	23,177
636,45	23,096
636,78	24,993
637,11	23,837
637,44	23,333
637,77	22,129
638,10	22,649
638,43	23,585
638,76	23,166
639,09	23,258
639,42	23,588
639,75	23,556
640,07	22,815
640,40	23,431
640,73	23,585
641,06	23,483
641,39	23,105
641,72	22,362
642,05	23,025
642,38	22,051
642,71	23,169
643,04	23,743
643,37	23,358
643,70	24,219
644,02	23,042
644,35	23,363
644,68	22,664
645,01	23,722
645,34	23,302
645,67	24,417
646,00	23,334
646,33	23,978
646,65	23,787
646,98	23,411
647,31	23,989
647,64	24,111
647,97	21,754
648,30	22,972
648,62	23,213
648,95	22,935
649,28	23,034
649,61	23,304
649,94	23,627
650,26	23,276
650,59	23,468
650,92	23,961
651,25	23,673
651,58	23,615
651,90	24,055
652,23	23,189
652,56	23,071
652,89	22,359
653,21	23,005
653,54	22,964
653,87	23,032
654,20	22,979
654,52	23,359
654,85	23,957
655,18	23,028
655,51	23,530
655,83	23,545
656,16	23,029
656,49	24,247
656,81	22,679
657,14	22,688
657,47	23,355
657,80	23,560
658,12	23,573
658,45	23,138
658,78	23,491
659,10	23,051
659,43	22,727
659,76	23,640
660,08	23,103
660,41	23,001
660,74	22,505
661,06	23,474
661,39	22,743
661,71	23,399
662,04	22,420
662,37	23,187
662,69	21,983
663,02	22,119
663,35	22,275
663,67	23,275
664,00	22,429
664,32	23,394
664,65	22,732
664,97	22,230
665,30	22,250
665,63	22,404
665,95	23,056
666,28	22,711
666,60	23,012
666,93	22,978
667,25	22,191
667,58	22,827
667,91	23,548
668,23	22,466
668,56	21,491
668,88	21,414
669,21	21,785
669,53	22,914
669,86	22,221
670,18	23,082
670,51	23,573
670,83	22,669
671,16	22,374
671,48	23,132
671,81	22,912
672,13	22,617
672,46	22,246
672,78	22,748
673,11	22,050
673,43	22,332
673,75	22,988
674,08	22,724
674,40	22,253
674,73	22,526
675,05	21,775
675,38	21,826
675,70	22,997
676,02	22,614
676,35	21,860
676,67	22,704
677,00	22,019
677,32	22,590
677,65	23,205
677,97	22,593
678,29	23,927
678,62	23,448
678,94	21,953
679,26	22,729
679,59	21,478
679,91	22,060
680,23	22,537
680,56	21,663
680,88	23,268
681,21	22,034
681,53	22,349
681,85	23,021
682,18	21,827
682,50	20,724
682,82	22,089
683,14	22,605
683,47	22,637
683,79	21,880
684,11	22,364
684,44	22,297
684,76	21,823
685,08	21,598
685,41	20,735
685,73	22,162
686,05	22,542
686,37	22,674
686,70	22,205
687,02	22,211
687,34	21,477
687,66	21,446
687,99	20,920
688,31	22,025
688,63	21,354
688,95	21,667
689,27	21,330
689,60	20,930
689,92	21,554
690,24	21,921
690,56	21,077
690,89	22,425
691,21	21,777
691,53	21,010
691,85	20,986
692,17	21,618
692,49	21,365
692,82	20,789
693,14	21,265
693,46	20,570
693,78	21,630
694,10	21,827
694,42	21,639
694,74	21,911
695,07	21,038
695,39	21,030
695,71	19,994
696,03	20,331
696,35	20,023
696,67	21,594
696,99	21,109
697,31	20,779
697,63	21,195
697,96	20,360
698,28	20,622
698,60	20,006
698,92	21,658
699,24	21,411
699,56	22,070
699,88	20,861
700,20	21,076
700,52	20,372
700,84	21,084
701,16	20,595
701,48	21,814
701,80	20,389
702,12	20,681
702,44	20,568
702,76	20,986
703,08	20,100
703,40	21,383
703,72	19,327
704,04	19,815
704,36	20,192
704,68	20,815
705,00	18,747
705,32	19,887
705,64	19,448
705,96	19,963
706,28	19,963
706,60	21,488
706,92	20,617
707,24	20,215
707,56	20,369
707,88	20,023
708,20	21,694
708,52	20,524
708,84	20,740
709,15	19,191
709,47	19,873
709,79	19,010
710,11	20,399
710,43	20,290
710,75	19,027
711,07	19,782
711,39	20,047
711,71	18,611
712,02	18,996
712,34	19,397
712,66	18,460
712,98	20,143
713,30	19,521
713,62	19,010
713,94	20,083
714,25	19,230
714,57	19,162
714,89	17,794
715,21	18,978
715,53	18,195
715,84	18,916
716,16	17,937
716,48	19,816
716,80	20,005
717,12	19,844
717,43	19,647
717,75	17,346
718,07	19,064
718,39	18,694
718,70	19,408
719,02	19,760
719,34	17,277
719,66	19,468
719,97	19,323
720,29	18,063
720,61	16,299
720,93	19,265
721,24	18,080
721,56	19,143
721,88	19,379
722,19	18,926
722,51	18,203
722,83	17,858
723,15	17,623
723,46	17,597
723,78	18,721
724,10	17,069
724,41	17,321
724,73	17,585
725,05	17,570
725,36	16,573
725,68	17,678
726,00	17,649
726,31	18,274
726,63	16,827
726,94	17,958
727,26	16,835
727,58	16,660
727,89	18,606
728,21	16,383
728,53	17,026
728,84	16,907
729,16	16,560
729,47	16,388
729,79	16,269
730,10	16,750
730,42	18,381
730,74	15,326
731,05	17,986
731,37	16,572
731,68	16,961
732,00	16,439
732,31	17,266
732,63	15,367
732,94	16,807
733,26	16,616
733,57	17,382
733,89	14,833
734,21	16,495
734,52	16,506
734,84	15,641
735,15	16,122
735,47	15,561
735,78	16,390
736,09	17,727
736,41	16,468
736,72	17,148
737,04	15,949
737,35	16,538
737,67	18,677
737,98	15,868
738,30	17,956
738,61	16,218
738,93	16,077
739,24	17,293
739,55	16,275
739,87	15,499
740,18	17,297
740,50	15,869
740,81	17,117
741,12	14,744
741,44	15,836
741,75	16,331
742,07	16,080
742,38	17,658
742,69	16,935
743,01	17,696
743,32	18,322
743,63	16,911
743,95	17,175
744,26	19,436
744,58	17,875
744,89	16,841
745,20	17,483
745,52	16,774
745,83	18,905
746,14	17,876
746,45	18,823
746,77	17,909
747,08	18,973
747,39	18,756
747,71	18,176
748,02	17,370
748,33	17,630
748,64	17,455
748,96	18,364
749,27	16,460
749,58	18,001
749,90	18,143
750,21	19,940
750,52	16,602
750,83	17,871
751,14	17,568
751,46	18,711
751,77	18,784
752,08	19,281
752,39	18,317
752,71	17,888
753,02	18,251
753,33	17,864
753,64	17,082
753,95	18,477
754,27	17,928
754,58	18,359
754,89	18,979
755,20	17,737
755,51	16,387
755,82	17,528
756,14	17,725
756,45	17,291
756,76	17,843
757,07	17,399
757,38	17,030
757,69	15,239
758,00	17,746
758,31	16,194
758,63	17,805
758,94	16,286
759,25	16,786
759,56	16,805
759,87	18,126
760,18	18,412
760,49	18,325
760,80	17,034
761,11	16,291
761,42	18,258
761,73	13,977
762,04	16,528
762,35	18,487
762,66	17,841
762,97	17,236
763,28	17,119
763,60	17,048
763,91	17,649
764,22	17,044
764,53	16,028
764,84	16,831
765,15	15,298
765,46	18,618
765,77	16,954
766,08	14,654
766,38	15,089
766,69	17,401
767,00	14,246
767,31	16,612
767,62	15,004
767,93	16,359
768,24	17,545
768,55	14,672
768,86	14,345
769,17	14,461
769,48	15,980
769,79	12,125
770,10	15,458
770,41	14,126
770,72	14,858
771,02	13,077
771,33	14,169
771,64	14,700
771,95	13,359
772,26	14,262
772,57	15,510
772,88	13,096
773,19	14,272
773,49	15,067
773,80	15,540
774,11	14,384
774,42	14,286
774,73	14,842
775,04	11,022
775,34	14,829
775,65	11,591
775,96	14,047
776,27	11,921
776,58	14,800
776,89	12,597
777,19	12,568
777,50	11,966
777,81	12,777
778,12	12,554
778,42	11,371
778,73	12,186
779,04	10,569
779,35	10,874
779,65	12,806
779,96	7,804
780,27	7,336
780,58	12,637
780,88	10,959
781,19	11,082
781,50	12,581
781,81	11,228
782,11	10,841
782,42	12,924
782,73	11,120
783,03	9,180
783,34	8,099
783,65	13,097
783,95	11,251
784,26	9,667
784,57	7,733
784,87	11,789
785,18	11,813
785,49	10,603
785,79	10,396
786,10	7,792
786,41	11,141
786,71	8,195
787,02	9,762
787,32	9,003
787,63	7,753
787,94	11,842
788,24	9,139
788,55	8,800
788,85	9,706
789,16	9,493
789,47	8,156
789,77	8,655
790,08	5,079
790,38	7,616
790,69	8,154
790,99	8,550
791,30	10,990
791,60	6,634
791,91	7,191
792,21	8,459
792,52	8,289
792,83	8,502
793,13	7,148
793,44	6,656
793,74	3,525
794,05	6,354
794,35	7,322
794,65	6,179
794,96	5,819
795,26	8,424
795,57	7,753
795,87	7,388
796,18	5,715
796,48	4,984
796,79	7,745
797,09	8,898
797,40	7,575
797,70	2,362
798,00	1,469
798,31	5,695
798,61	5,405
798,92	4,496
799,22	6,003
799,53	7,396
799,83	3,644
800,13	3,634
800,44	3,941
800,74	4,927
801,04	1,046
801,35	7,107
801,65	5,351
801,95	3,472
802,26	2,171
802,56	5,520
802,87	1,258
803,17	0,709
803,47	0,747
803,77	2,347
804,08	2,802
804,38	3,946
804,68	5,064
804,99	0,339
805,29	4,819
805,59	0,957
805,90	2,729
806,20	4,573
806,50	1,063
806,80	1,908
807,11	0,333
807,41	0,978
807,71	0,268
808,01	-2,649
808,32	-0,746
808,62	4,190
808,92	-0,292
809,22	0,740
809,53	-0,092
809,83	-2,282
810,13	4,582
810,43	0,455
810,73	-2,411
811,04	-0,479
811,34	-3,199
811,64	-1,429
811,94	-1,473
812,24	-1,496
812,54	-2,584
812,85	-2,014
813,15	0,471
813,45	-0,347
813,75	-3,911
814,05	-3,314
814,35	-1,681
814,65	-0,964
814,96	0,066
815,26	-5,027
815,56	-4,419
815,86	-0,194
816,16	-1,866
816,46	-0,197
816,76	-3,939
817,06	-1,584
817,36	-2,605
817,66	-0,544
817,96	-0,788
818,26	-4,414
818,57	-7,278
818,87	-4,957
819,17	-4,650
819,47	-6,616
819,77	-4,510
820,07	-5,501
820,37	-8,466
820,67	-8,812
820,97	-8,063
821,27	-5,525
821,57	-8,766
821,87	-8,796
822,17	-7,972
822,47	-6,707
822,77	-3,478
823,07	-4,690
823,37	-9,329
823,67	-12,478
823,97	-7,626
824,26	-10,556
824,56	-6,405
824,86	-3,964
825,16	-7,854
825,46	-0,910
825,76	-6,930
826,06	-9,156
826,36	-7,161
826,66	-4,922
826,96	-4,778
827,26	-9,178
827,56	-7,757
827,85	-3,304
828,15	-5,942
828,45	-7,618
828,75	-2,423
829,05	-7,710
829,35	-14,297
829,65	-13,764
829,94	-6,421
830,24	-6,466
830,54	-8,607
830,84	-7,235
831,14	-3,797
831,44	-11,268
831,73	-10,267
832,03	-2,356
832,33	-6,814
832,63	-11,388
832,93	-13,554
833,22	-5,416
833,52	-8,994
833,82	-7,920
834,12	7,086
834,41	-4,374
834,71	-6,402
835,01	-11,946
835,31	-8,581
835,60	-7,034
835,90	-8,020
836,20	-9,492
836,49	-11,932
836,79	-10,472
837,09	-13,062
837,39	-12,642
837,68	-6,468
837,98	-16,549
838,28	-9,307
838,57	-13,726
838,87	-13,047
839,17	-11,452
839,46	-13,948
839,76	-10,799
840,06	-11,385
840,35	-12,230
840,65	-5,868
840,95	-12,922
841,24	-16,111
841,54	-11,244
841,83	-13,631
842,13	-9,906
842,43	-13,273
842,72	-6,804
843,02	-14,227
843,31	-11,951
843,61	-7,879
843,91	-12,641
844,20	-21,814
844,50	-12,879
844,79	-8,541
845,09	-12,539
845,38	-16,303
845,68	-10,420
845,98	-11,867
846,27	-14,043
846,57	-12,583
846,86	-11,609
847,16	-14,560
847,45	-11,625
847,75	-11,280
848,04	-19,430
848,34	-15,527
848,63	-10,685
848,93	-15,856
849,22	-10,568
849,52	-19,139
849,81	-12,884
850,10	-12,397
850,40	-16,120
850,69	-21,992
850,99	-21,302
851,28	-15,257
851,58	-13,764
851,87	-22,502
852,16	-17,005
852,46	-18,634
852,75	-16,310
853,05	-8,727
853,34	-17,795
853,63	-20,220
853,93	-17,920
854,22	-20,410
854,52	-21,369
854,81	-22,607
855,10	-18,042
855,40	-19,980
855,69	-17,292
855,98	-25,739
856,28	-21,183
856,57	-18,047
856,86	-15,494
857,16	-21,502
857,45	-22,899
857,74	-26,434
858,04	-16,080
858,33	-24,856
858,62	-23,245
858,92	-23,206
859,21	-24,865
859,50	-18,234
859,79	-25,098
860,09	-15,932
860,38	-27,956
860,67	-21,099
860,96	-23,719
861,26	-25,794
861,55	-22,800
861,84	-17,691
862,13	-24,648
862,43	-18,833
862,72	-18,884
863,01	-20,632
863,30	-26,983
863,59	-23,535
863,89	-15,977
864,18	-18,899
864,47	-19,443
864,76	-13,084
865,05	-28,710
865,34	-26,382
865,64	-30,323
865,93	-23,269
866,22	-30,146
866,51	-23,687
866,80	-28,848
867,09	-29,164
867,38	-21,993
867,67	-18,766
867,97	-24,580
868,26	-30,395
868,55	-23,210
868,84	-25,419
869,13	-22,166
869,42	-20,202
869,71	-21,193
870,00	-34,149
870,29	-20,509
870,58	-27,527
870,87	-25,629
871,16	-23,620
871,45	-21,617
871,74	-31,165
872,04	-29,255
872,33	-26,923
872,62	-28,668
872,91	-29,966
873,20	-31,761
873,49	-28,848
873,78	-28,848
874,07	-28,848
