180,12	375,676
180,49	375,676
180,87	375,676
181,25	-582,353
181,63	-1766,667
182,01	469,048
182,38	629,545
182,76	-524,138
183,14	-700,000
183,52	219,417
183,89	269,892
184,27	-380,357
184,65	-244,776
185,03	1126,087
185,40	289,916
185,78	1526,316
186,16	-1450,000
186,54	-512,500
186,91	136,000
187,29	-287,931
187,67	909,091
188,05	1025,000
188,42	369,643
188,80	-62,016
189,18	-82,410
189,56	-124,413
189,93	-37,209
190,31	-30,290
190,69	-1,117
191,06	-72,414
191,44	-14,488
191,82	-76,496
192,20	-50,000
192,57	-45,013
192,95	-34,921
193,33	-9,846
193,70	-49,169
194,08	-28,065
194,46	-66,563
194,83	-28,916
195,21	-7,264
195,59	-55,150
195,96	-55,725
196,34	-55,763
196,72	-19,672
197,09	-69,096
197,47	-138,298
197,85	-102,304
198,22	-49,329
198,60	-46,304
198,98	-68,293
199,35	-27,152
199,73	-43,733
200,11	-51,652
200,48	-88,095
200,86	-14,796
201,24	-73,009
201,61	-45,352
201,99	-58,013
202,37	-31,675
202,74	-28,610
203,12	-60,208
203,49	-6,216
203,87	-36,870
204,25	-39,933
204,62	-65,359
205,00	-64,527
205,37	-20,702
205,75	-32,212
206,13	-39,209
206,50	-41,994
206,88	-64,528
207,25	-72,982
207,63	-55,425
208,01	-44,892
208,38	-72,903
208,76	-22,695
209,13	-32,907
209,51	-23,913
209,88	-48,052
210,26	-45,553
210,64	-31,489
211,01	-51,106
211,39	-51,852
211,76	-26,750
212,14	-24,738
212,51	0,000
212,89	-10,667
213,26	-44,785
213,64	-9,178
214,02	-13,860
214,39	-6,110
214,77	-8,174
215,14	-26,826
215,52	-11,398
215,89	-12,028
216,27	-10,739
216,64	-9,808
217,02	-3,195
217,39	-4,360
217,77	-8,329
218,14	-7,392
218,52	0,462
218,89	-1,261
219,27	-1,629
219,64	-4,349
220,02	-0,170
220,39	-2,109
220,77	-3,614
221,14	-0,030
221,52	-1,178
221,89	-0,585
222,27	-0,322
222,64	-0,333
223,02	-1,557
223,39	-3,026
223,77	-0,243
224,14	0,456
224,51	-0,284
224,89	-3,210
225,26	-0,715
225,64	-1,056
226,01	0,774
226,39	-0,592
226,76	0,846
227,14	0,746
227,51	-1,192
227,88	0,350
228,26	0,205
228,63	1,271
229,01	1,057
229,38	0,628
229,75	0,887
230,13	1,098
230,50	2,864
230,88	1,265
231,25	0,725
231,63	1,244
232,00	0,476
232,37	1,781
232,75	2,481
233,12	1,364
233,49	1,437
233,87	1,996
234,24	2,305
234,62	1,182
234,99	1,144
235,36	1,649
235,74	2,306
236,11	2,209
236,48	1,529
236,86	1,846
237,23	1,687
237,60	1,875
237,98	2,054
238,35	1,606
238,73	1,795
239,10	1,998
239,47	1,780
239,85	2,029
240,22	2,425
240,59	2,110
240,96	1,507
241,34	2,077
241,71	1,401
242,08	1,811
242,46	2,345
242,83	1,917
243,20	2,050
243,58	1,632
243,95	1,727
244,32	1,683
244,70	2,018
245,07	1,848
245,44	1,590
245,81	1,855
246,19	2,086
246,56	2,501
246,93	2,579
247,31	2,012
247,68	2,030
248,05	2,035
248,42	2,456
248,80	2,209
249,17	2,267
249,54	1,785
249,91	2,543
250,29	1,988
250,66	2,030
251,03	2,017
251,40	2,161
251,78	2,314
252,15	2,498
252,52	2,309
252,89	2,054
253,26	2,429
253,64	2,314
254,01	2,381
254,38	1,995
254,75	2,008
255,12	2,523
255,50	2,090
255,87	2,138
256,24	2,515
256,61	2,546
256,98	2,596
257,36	2,197
257,73	2,580
258,10	2,408
258,47	2,854
258,84	2,367
259,22	2,731
259,59	2,758
259,96	2,715
260,33	2,479
260,70	2,517
261,07	2,928
261,45	2,744
261,82	2,539
262,19	2,715
262,56	2,674
262,93	2,760
263,30	2,847
263,67	2,535
264,04	2,630
264,42	2,651
264,79	2,431
265,16	2,549
265,53	2,665
265,90	2,733
266,27	2,420
266,64	2,807
267,01	2,457
267,39	2,542
267,76	2,870
268,13	2,644
268,50	2,850
268,87	2,188
269,24	2,349
269,61	2,436
269,98	2,366
270,35	2,225
270,72	2,248
271,09	2,215
271,46	1,935
271,84	2,168
272,21	2,207
272,58	2,443
272,95	2,633
273,32	2,026
273,69	2,386
274,06	2,408
274,43	2,302
274,80	2,238
275,17	1,890
275,54	2,149
275,91	2,468
276,28	1,981
276,65	2,323
277,02	2,251
277,39	1,874
277,76	2,011
278,13	1,924
278,50	2,090
278,87	1,872
279,24	1,808
279,61	2,275
279,98	2,240
280,35	2,060
280,72	2,081
281,09	2,128
281,46	1,888
281,83	1,869
282,20	1,648
282,57	1,921
282,94	1,813
283,31	1,924
283,68	1,827
284,05	1,723
284,42	1,447
284,79	1,975
285,16	1,616
285,53	1,909
285,90	1,796
286,27	2,009
286,64	1,624
287,00	2,030
287,37	1,378
287,74	1,837
288,11	1,884
288,48	1,841
288,85	2,035
289,22	2,151
289,59	1,870
289,96	1,979
290,33	2,060
290,70	2,167
291,07	1,598
291,43	2,051
291,80	2,309
292,17	1,622
292,54	1,846
292,91	2,263
293,28	2,206
293,65	1,855
294,02	2,357
294,38	1,998
294,75	2,049
295,12	2,242
295,49	2,046
295,86	2,190
296,23	1,914
296,60	2,225
296,96	1,948
297,33	1,799
297,70	1,858
298,07	2,134
298,44	1,989
298,81	2,237
299,17	2,094
299,54	2,192
299,91	2,002
300,28	2,073
300,65	1,994
301,02	2,133
301,38	2,303
301,75	2,063
302,12	2,230
302,49	2,098
302,86	1,882
303,22	1,954
303,59	2,132
303,96	2,040
304,33	2,167
304,69	1,997
305,06	1,917
305,43	2,097
305,80	2,409
306,17	2,189
306,53	2,261
306,90	2,033
307,27	2,473
307,64	2,148
308,00	1,810
308,37	1,992
308,74	1,984
309,11	1,845
309,47	1,828
309,84	1,860
310,21	2,261
310,57	1,994
310,94	1,943
311,31	1,853
311,68	2,222
312,04	2,472
312,41	2,106
312,78	2,006
313,14	1,942
313,51	1,982
313,88	2,476
314,25	2,029
314,61	1,767
314,98	1,825
315,35	1,787
315,71	2,314
316,08	2,174
316,45	2,197
316,81	1,964
317,18	1,770
317,55	1,964
317,91	1,679
318,28	2,132
318,65	1,533
319,01	1,841
319,38	1,758
319,75	1,997
320,11	1,800
320,48	1,679
320,84	1,410
321,21	1,651
321,58	1,862
321,94	2,092
322,31	1,938
322,68	1,236
323,04	1,760
323,41	1,607
323,77	1,899
324,14	1,637
324,51	1,465
324,87	1,484
325,24	1,835
325,60	1,697
325,97	1,568
326,33	1,720
326,70	1,691
327,07	1,488
327,43	1,326
327,80	1,852
328,16	1,891
328,53	1,581
328,89	1,630
329,26	1,771
329,63	1,691
329,99	1,608
330,36	1,742
330,72	1,672
331,09	1,624
331,45	1,701
331,82	1,719
332,18	1,789
332,55	1,498
332,91	1,691
333,28	1,758
333,64	1,669
334,01	1,739
334,37	1,750
334,74	1,802
335,10	1,442
335,47	2,590
335,83	1,936
336,20	2,045
336,56	1,758
336,93	1,564
337,29	1,872
337,66	1,640
338,02	1,725
338,39	2,017
338,75	2,331
339,12	2,071
339,48	1,918
339,85	1,941
340,21	2,066
340,57	1,636
340,94	1,879
341,30	2,074
341,67	1,962
342,03	2,003
342,40	1,947
342,76	1,979
343,13	2,262
343,49	2,459
343,85	2,103
344,22	2,046
344,58	1,766
344,95	2,380
345,31	2,109
345,67	2,103
346,04	2,704
346,40	2,092
346,77	2,235
347,13	2,289
347,49	2,458
347,86	2,350
348,22	2,955
348,58	2,755
348,95	2,408
349,31	2,553
349,68	2,685
350,04	2,734
350,40	2,922
350,77	3,269
351,13	3,002
351,49	2,760
351,86	3,039
352,22	3,034
352,58	3,685
352,95	3,386
353,31	3,565
353,67	3,810
354,04	3,266
354,40	3,523
354,76	4,088
355,13	3,996
355,49	3,853
355,85	4,002
356,21	4,012
356,58	4,422
356,94	4,517
357,30	4,632
357,67	4,727
358,03	5,106
358,39	5,019
358,75	5,030
359,12	5,235
359,48	5,523
359,84	5,373
360,21	5,510
360,57	5,592
360,93	6,181
361,29	6,646
361,66	5,988
362,02	6,961
362,38	7,135
362,74	7,329
363,10	7,901
363,47	7,929
363,83	8,161
364,19	8,126
364,55	8,585
364,92	9,033
365,28	8,927
365,64	9,661
366,00	10,033
366,36	10,066
366,73	10,581
367,09	11,196
367,45	11,488
367,81	11,212
368,17	11,245
368,54	12,003
368,90	12,171
369,26	13,161
369,62	12,489
369,98	13,510
370,34	13,651
370,71	14,058
371,07	14,745
371,43	14,605
371,79	15,345
372,15	15,834
372,51	16,064
372,87	16,862
373,24	17,248
373,60	17,202
373,96	18,473
374,32	18,227
374,68	18,680
375,04	18,581
375,40	19,451
375,76	20,763
376,12	20,358
376,49	21,291
376,85	21,850
377,21	22,492
377,57	22,443
377,93	22,958
378,29	23,513
378,65	24,173
379,01	24,817
379,37	25,315
379,73	25,614
380,09	25,263
380,45	25,724
380,81	26,815
381,18	27,547
381,54	27,510
381,90	28,139
382,26	27,738
382,62	29,244
382,98	29,131
383,34	29,277
383,70	30,010
384,06	30,868
384,42	31,027
384,78	30,767
385,14	31,787
385,50	32,121
385,86	32,336
386,22	32,697
386,58	32,572
386,94	33,166
387,30	33,384
387,66	34,479
388,02	34,440
388,38	34,456
388,74	35,344
389,10	35,627
389,46	35,890
389,82	35,962
390,18	36,475
390,54	36,074
390,90	36,256
391,26	37,053
391,62	37,247
391,97	37,400
392,33	37,580
392,69	37,614
393,05	38,258
393,41	38,041
393,77	38,395
394,13	38,150
394,49	37,940
394,85	39,264
395,21	38,222
395,57	38,600
395,93	39,364
396,29	39,315
396,64	39,559
397,00	39,379
397,36	39,969
397,72	40,094
398,08	39,673
398,44	39,641
398,80	40,774
399,16	40,336
399,51	40,799
399,87	39,975
400,23	41,172
400,59	40,844
400,95	40,755
401,31	41,390
401,67	40,681
402,02	41,292
402,38	42,171
402,74	41,134
403,10	41,465
403,46	40,795
403,82	40,343
404,17	41,486
404,53	40,846
404,89	41,155
405,25	41,288
405,61	41,402
405,96	41,298
406,32	41,509
406,68	41,480
407,04	42,065
407,40	41,651
407,75	41,366
408,11	41,883
408,47	41,634
408,83	41,644
409,19	41,048
409,54	42,142
409,90	42,223
410,26	41,411
410,62	42,180
410,97	41,896
411,33	41,321
411,69	42,256
412,05	40,855
412,40	41,443
412,76	42,052
413,12	41,401
413,47	42,468
413,83	41,433
414,19	42,087
414,55	42,505
414,90	42,194
415,26	42,091
415,62	42,979
415,97	42,261
416,33	43,039
416,69	41,680
417,04	42,418
417,40	42,140
417,76	42,375
418,12	41,731
418,47	42,131
418,83	41,810
419,19	41,711
419,54	42,020
419,90	41,823
420,25	41,223
420,61	42,128
420,97	42,342
421,32	41,858
421,68	42,349
422,04	42,435
422,39	42,277
422,75	42,024
423,11	41,703
423,46	41,493
423,82	42,558
424,17	42,177
424,53	41,684
424,89	42,138
425,24	41,735
425,60	42,022
425,95	42,004
426,31	42,772
426,67	42,418
427,02	43,024
427,38	42,951
427,73	41,897
428,09	42,927
428,44	42,025
428,80	42,956
429,16	41,936
429,51	42,427
429,87	41,504
430,22	42,197
430,58	42,237
430,93	41,976
431,29	43,062
431,64	42,412
432,00	41,732
432,35	41,750
432,71	42,350
433,06	42,886
433,42	42,163
433,77	41,916
434,13	41,807
434,48	42,120
434,84	42,812
435,19	41,275
435,55	41,864
435,90	42,923
436,26	43,382
436,61	42,366
436,97	42,842
437,32	43,041
437,68	42,636
438,03	42,271
438,39	41,420
438,74	42,204
439,10	41,094
439,45	43,106
439,81	42,274
440,16	41,079
440,51	42,291
440,87	41,042
441,22	41,424
441,58	42,668
441,93	42,920
442,29	42,209
442,64	41,778
442,99	41,585
443,35	42,030
443,70	41,624
444,06	42,881
444,41	41,591
444,76	42,041
445,12	42,625
445,47	42,269
445,82	42,548
446,18	42,979
446,53	42,738
446,89	41,021
447,24	41,750
447,59	40,283
447,95	42,827
448,30	42,062
448,65	40,140
449,01	42,335
449,36	41,622
449,71	41,244
450,07	42,398
450,42	42,813
450,77	41,895
451,13	42,944
451,48	41,419
451,83	41,616
452,19	43,196
452,54	41,791
452,89	40,921
453,25	42,007
453,60	42,736
453,95	41,810
454,30	42,859
454,66	42,230
455,01	42,679
455,36	42,764
455,71	42,478
456,07	42,372
456,42	41,676
456,77	41,918
457,13	41,801
457,48	41,611
457,83	41,323
458,18	42,066
458,53	41,822
458,89	43,027
459,24	43,211
459,59	42,249
459,94	42,547
460,30	41,320
460,65	42,220
461,00	42,927
461,35	42,739
461,70	41,806
462,06	42,686
462,41	42,862
462,76	42,000
463,11	41,789
463,46	42,509
463,82	42,386
464,17	42,563
464,52	42,631
464,87	41,761
465,22	42,338
465,57	42,639
465,93	42,398
466,28	42,220
466,63	42,353
466,98	42,846
467,33	41,524
467,68	42,090
468,03	41,710
468,39	43,176
468,74	43,096
469,09	42,751
469,44	41,708
469,79	41,882
470,14	42,611
470,49	42,902
470,84	42,822
471,19	41,867
471,55	42,511
471,90	42,067
472,25	42,549
472,60	42,083
472,95	42,491
473,30	43,105
473,65	43,766
474,00	42,394
474,35	42,380
474,70	42,093
475,05	42,951
475,40	42,595
475,75	42,192
476,10	42,666
476,45	41,996
476,80	41,308
477,15	42,586
477,50	42,899
477,85	41,421
478,21	41,487
478,56	42,054
478,91	41,835
479,26	42,059
479,61	42,341
479,96	40,903
480,31	41,718
480,66	42,161
481,00	41,830
481,35	42,113
481,70	42,271
482,05	42,363
482,40	42,597
482,75	41,497
483,10	42,418
483,45	41,748
483,80	42,209
484,15	41,950
484,50	41,707
484,85	42,310
485,20	42,063
485,55	43,131
485,90	41,608
486,25	41,914
486,60	42,312
486,95	41,783
487,30	42,688
487,64	42,485
487,99	41,048
488,34	42,974
488,69	43,022
489,04	42,591
489,39	41,640
489,74	43,072
490,09	42,988
490,44	42,470
490,78	42,151
491,13	43,301
491,48	42,285
491,83	41,981
492,18	41,372
492,53	42,733
492,88	42,918
493,22	41,485
493,57	41,718
493,92	42,204
494,27	42,294
494,62	42,354
494,97	41,086
495,31	41,847
495,66	42,803
496,01	41,627
496,36	42,072
496,71	41,720
497,05	40,593
497,40	41,481
497,75	42,187
498,10	41,950
498,45	41,228
498,79	42,291
499,14	42,041
499,49	41,681
499,84	41,653
500,18	41,812
500,53	42,404
500,88	41,783
501,23	42,790
501,57	41,832
501,92	41,276
502,27	41,212
502,62	41,430
502,96	41,623
503,31	42,130
503,66	42,882
504,00	42,459
504,35	42,118
504,70	42,028
505,05	41,107
505,39	41,743
505,74	41,112
506,09	41,727
506,43	42,219
506,78	42,871
507,13	41,567
507,47	41,372
507,82	42,505
508,17	42,102
508,51	42,539
508,86	41,432
509,21	41,278
509,55	41,584
509,90	42,535
510,25	41,685
510,59	41,817
510,94	42,563
511,29	42,380
511,63	41,790
511,98	41,643
512,32	41,631
512,67	41,906
513,02	43,956
513,36	41,954
513,71	41,393
514,05	43,124
514,40	39,610
514,75	40,411
515,09	42,080
515,44	41,745
515,78	41,003
516,13	43,450
516,48	41,825
516,82	42,549
517,17	40,624
517,51	41,850
517,86	41,144
518,20	42,777
518,55	40,806
518,89	41,963
519,24	41,046
519,58	41,234
519,93	41,783
520,27	41,032
520,62	41,705
520,96	40,772
521,31	41,236
521,66	42,081
522,00	42,215
522,35	39,597
522,69	41,675
523,03	39,995
523,38	40,973
523,72	41,279
524,07	41,164
524,41	41,770
524,76	40,298
525,10	42,266
525,45	41,647
525,79	41,529
526,14	41,951
526,48	40,963
526,83	41,127
527,17	40,534
527,51	40,886
527,86	41,223
528,20	41,163
528,55	40,922
528,89	40,882
529,24	40,213
529,58	40,590
529,92	41,204
530,27	42,445
530,61	41,657
530,96	40,372
531,30	41,153
531,64	41,520
531,99	41,217
532,33	38,523
532,67	41,409
533,02	39,390
533,36	42,257
533,71	41,380
534,05	40,695
534,39	41,426
534,74	39,947
535,08	40,851
535,42	41,190
535,77	41,513
536,11	41,526
536,45	38,811
536,80	40,640
537,14	40,850
537,48	40,702
537,82	39,109
538,17	41,759
538,51	40,885
538,85	39,995
539,20	40,224
539,54	40,639
539,88	40,371
540,22	41,260
540,57	41,558
540,91	40,596
541,25	41,695
541,60	40,480
541,94	41,542
542,28	40,715
542,62	41,517
542,97	41,001
543,31	40,098
543,65	41,451
543,99	41,123
544,33	40,840
544,68	41,358
545,02	41,174
545,36	40,904
545,70	41,760
546,05	39,395
546,39	40,007
546,73	40,746
547,07	39,777
547,41	41,262
547,75	41,021
548,10	40,634
548,44	40,364
548,78	39,680
549,12	39,877
549,46	40,708
549,80	40,072
550,15	40,343
550,49	40,776
550,83	40,156
551,17	39,912
551,51	40,179
551,85	39,303
552,19	40,723
552,54	40,117
552,88	40,371
553,22	41,876
553,56	41,042
553,90	40,527
554,24	40,342
554,58	41,078
554,92	41,613
555,26	40,242
555,60	41,297
555,95	42,072
556,29	41,356
556,63	42,385
556,97	41,775
557,31	41,395
557,65	40,120
557,99	40,398
558,33	40,888
558,67	41,282
559,01	40,605
559,35	40,144
559,69	40,558
560,03	41,584
560,37	41,890
560,71	40,964
561,05	41,783
561,39	40,349
561,73	40,849
562,07	41,179
562,41	40,426
562,75	40,689
563,09	40,987
563,43	40,830
563,77	41,010
564,11	39,948
564,45	39,288
564,79	40,892
565,13	41,849
565,47	41,108
565,81	40,278
566,15	41,929
566,49	41,585
566,83	41,172
567,17	41,461
567,51	39,900
567,85	41,540
568,19	41,607
568,52	40,742
568,86	40,457
569,20	40,809
569,54	41,061
569,88	41,220
570,22	41,538
570,56	41,184
570,90	41,447
571,24	40,850
571,57	39,798
571,91	41,304
572,25	40,734
572,59	41,057
572,93	40,877
573,27	41,795
573,61	41,728
573,95	40,240
574,28	41,636
574,62	41,954
574,96	41,382
575,30	40,576
575,64	42,407
575,97	40,476
576,31	41,459
576,65	41,480
576,99	40,964
577,33	40,691
577,67	41,294
578,00	40,849
578,34	40,517
578,68	42,759
579,02	40,812
579,35	41,881
579,69	41,350
580,03	40,564
580,37	42,151
580,71	41,339
581,04	41,350
581,38	40,902
581,72	41,441
582,06	40,208
582,39	40,163
582,73	40,435
583,07	41,509
583,40	41,998
583,74	42,116
584,08	41,599
584,42	41,062
584,75	41,443
585,09	41,018
585,43	41,704
585,76	40,640
586,10	40,405
586,44	40,422
586,77	40,580
587,11	40,944
587,45	40,164
587,78	41,424
588,12	41,733
588,46	42,249
588,79	40,337
589,13	40,938
589,47	41,688
589,80	40,055
590,14	41,271
590,48	41,837
590,81	40,222
591,15	41,029
591,48	41,269
591,82	40,842
592,16	40,522
592,49	39,632
592,83	40,494
593,16	42,291
593,50	40,863
593,84	41,493
594,17	42,508
594,51	40,983
594,84	40,699
595,18	40,803
595,51	41,802
595,85	41,442
596,19	40,841
596,52	40,668
596,86	42,136
597,19	42,290
597,53	41,437
597,86	40,970
598,20	40,572
598,53	41,094
598,87	41,053
599,20	41,896
599,54	41,098
599,87	40,199
600,21	41,319
600,54	42,054
600,88	40,662
601,21	40,164
601,55	40,193
601,88	40,533
602,22	41,144
602,55	41,430
602,89	42,264
603,22	41,166
603,56	40,577
603,89	41,007
604,23	40,226
604,56	41,086
604,89	41,940
605,23	40,162
605,56	40,342
605,90	40,757
606,23	41,021
606,56	41,505
606,90	40,739
607,23	40,885
607,57	41,641
607,90	39,961
608,23	41,717
608,57	41,174
608,90	40,494
609,24	40,398
609,57	41,858
609,90	42,074
610,24	41,858
610,57	41,112
610,90	41,990
611,24	40,085
611,57	40,938
611,90	40,689
612,24	40,691
612,57	41,301
612,90	41,130
613,24	41,259
613,57	40,754
613,90	41,916
614,24	40,511
614,57	40,821
614,90	39,678
615,24	41,368
615,57	40,264
615,90	41,429
616,23	40,276
616,57	40,804
616,90	41,628
617,23	41,539
617,57	41,077
617,90	38,613
618,23	41,247
618,56	40,182
618,90	40,878
619,23	41,055
619,56	40,289
619,89	41,160
620,22	41,153
620,56	40,500
620,89	40,980
621,22	40,534
621,55	41,011
621,89	41,025
622,22	40,621
622,55	41,259
622,88	40,597
623,21	41,069
623,54	41,114
623,88	40,124
624,21	41,853
624,54	42,592
624,87	41,459
625,20	40,694
625,53	40,899
625,87	41,557
626,20	39,885
626,53	40,025
626,86	40,706
627,19	40,728
627,52	40,078
627,85	40,694
628,18	41,336
628,52	41,899
628,85	41,544
629,18	41,666
629,51	40,672
629,84	41,222
630,17	41,223
630,50	42,375
630,83	41,727
631,16	40,027
631,49	42,112
631,82	40,838
632,15	40,767
632,49	42,174
632,82	41,177
633,15	40,763
633,48	41,032
633,81	41,309
634,14	41,324
634,47	40,403
634,80	41,472
635,13	42,103
635,46	41,335
635,79	40,980
636,12	41,665
636,45	40,803
636,78	41,159
637,11	42,322
637,44	41,097
637,77	42,695
638,10	40,363
638,43	41,631
638,76	41,963
639,09	41,175
639,42	41,522
639,75	41,416
640,07	41,548
640,40	42,123
640,73	41,604
641,06	41,498
641,39	40,821
641,72	41,443
642,05	41,251
642,38	40,901
642,71	41,990
643,04	40,288
643,37	40,604
643,70	41,391
644,02	41,005
644,35	41,194
644,68	40,994
645,01	40,074
645,34	41,379
645,67	41,256
646,00	41,695
646,33	42,525
646,65	41,380
646,98	40,549
647,31	41,303
647,64	41,047
647,97	41,304
648,30	40,949
648,62	42,222
648,95	41,574
649,28	40,655
649,61	41,280
649,94	41,870
650,26	40,230
650,59	41,151
650,92	41,054
651,25	41,226
651,58	40,990
651,90	40,304
652,23	41,630
652,56	42,633
652,89	41,872
653,21	41,024
653,54	41,192
653,87	42,024
654,20	41,389
654,52	42,625
654,85	40,570
655,18	41,940
655,51	42,439
655,83	41,589
656,16	40,997
656,49	42,327
656,81	40,737
657,14	41,084
657,47	40,790
657,80	41,350
658,12	40,794
658,45	40,648
658,78	40,963
659,10	40,942
659,43	41,101
659,76	41,625
660,08	41,503
660,41	41,792
660,74	41,435
661,06	40,655
661,39	41,068
661,71	41,732
662,04	41,598
662,37	41,934
662,69	41,241
663,02	41,489
663,35	41,624
663,67	42,166
664,00	40,948
664,32	41,301
664,65	40,959
664,97	39,948
665,30	41,749
665,63	41,194
665,95	41,182
666,28	41,604
666,60	41,228
666,93	42,086
667,25	40,364
667,58	40,988
667,91	41,388
668,23	41,254
668,56	41,110
668,88	40,394
669,21	41,031
669,53	40,493
669,86	40,922
670,18	41,295
670,51	40,998
670,83	41,868
671,16	40,715
671,48	40,741
671,81	40,719
672,13	40,891
672,46	40,889
672,78	40,937
673,11	40,351
673,43	41,039
673,75	41,817
674,08	41,677
674,40	41,875
674,73	40,821
675,05	41,468
675,38	39,512
675,70	39,579
676,02	41,179
676,35	41,581
676,67	40,981
677,00	40,883
677,32	42,754
677,65	40,856
677,97	40,099
678,29	40,299
678,62	41,034
678,94	40,777
679,26	41,050
679,59	41,305
679,91	41,460
680,23	40,724
680,56	41,070
680,88	41,850
681,21	40,156
681,53	41,023
681,85	39,945
682,18	39,945
682,50	41,670
682,82	41,280
683,14	41,749
683,47	40,723
683,79	40,906
684,11	42,191
684,44	40,762
684,76	41,475
685,08	40,755
685,41	41,240
685,73	41,221
686,05	41,336
686,37	39,177
686,70	40,969
687,02	40,363
687,34	41,713
687,66	40,258
687,99	41,186
688,31	41,324
688,63	41,363
688,95	40,283
689,27	41,314
689,60	40,269
689,92	41,755
690,24	41,014
690,56	39,712
690,89	40,376
691,21	40,661
691,53	41,538
691,85	41,693
692,17	41,199
692,49	40,876
692,82	40,949
693,14	40,277
693,46	41,274
693,78	40,653
694,10	40,850
694,42	40,067
694,74	42,105
695,07	41,228
695,39	40,156
695,71	40,468
696,03	40,672
696,35	39,370
696,67	39,838
696,99	39,766
697,31	41,587
697,63	41,341
697,96	40,470
698,28	40,886
698,60	40,160
698,92	40,424
699,24	39,931
699,56	40,404
699,88	41,010
700,20	40,395
700,52	41,016
700,84	40,864
701,16	39,838
701,48	40,142
701,80	40,738
702,12	41,335
702,44	40,683
702,76	41,434
703,08	39,635
703,40	40,269
703,72	40,969
704,04	40,297
704,36	38,285
704,68	39,594
705,00	40,566
705,32	41,435
705,64	42,371
705,96	40,391
706,28	40,316
706,60	40,359
706,92	40,519
707,24	40,531
707,56	38,481
707,88	40,773
708,20	40,278
708,52	40,596
708,84	39,850
709,15	40,865
709,47	40,174
709,79	39,770
710,11	40,070
710,43	41,043
710,75	39,678
711,07	40,120
711,39	40,489
711,71	41,467
712,02	40,973
712,34	41,860
712,66	41,261
712,98	41,352
713,30	40,681
713,62	40,114
713,94	39,939
714,25	40,855
714,57	40,330
714,89	38,920
715,21	40,674
715,53	39,868
715,84	38,670
716,16	40,156
716,48	38,896
716,80	41,308
717,12	38,935
717,43	39,891
717,75	39,190
718,07	39,142
718,39	40,699
718,70	39,740
719,02	40,300
719,34	40,563
719,66	39,704
719,97	42,115
720,29	39,785
720,61	39,061
720,93	39,517
721,24	38,469
721,56	39,950
721,88	40,407
722,19	38,711
722,51	40,352
722,83	39,375
723,15	39,532
723,46	40,108
723,78	39,169
724,10	41,237
724,41	40,815
724,73	38,761
725,05	39,612
725,36	40,907
725,68	39,682
726,00	39,771
726,31	39,305
726,63	38,640
726,94	40,050
727,26	40,893
727,58	39,899
727,89	39,188
728,21	39,939
728,53	38,137
728,84	39,597
729,16	41,734
729,47	39,473
729,79	39,153
730,10	40,440
730,42	39,132
730,74	40,120
731,05	39,816
731,37	40,506
731,68	38,168
732,00	38,994
732,31	40,975
732,63	38,994
732,94	39,973
733,26	39,769
733,57	40,720
733,89	39,468
734,21	39,001
734,52	40,224
734,84	39,534
735,15	40,286
735,47	39,440
735,78	41,281
736,09	39,212
736,41	38,282
736,72	40,552
737,04	41,177
737,35	40,241
737,67	39,935
737,98	39,128
738,30	39,345
738,61	39,646
738,93	40,564
739,24	40,875
739,55	38,711
739,87	38,969
740,18	39,719
740,50	39,988
740,81	39,643
741,12	40,475
741,44	39,534
741,75	39,693
742,07	40,446
742,38	39,864
742,69	39,140
743,01	36,777
743,32	39,846
743,63	40,924
743,95	39,388
744,26	40,857
744,58	39,912
744,89	39,497
745,20	41,253
745,52	39,361
745,83	40,689
746,14	39,747
746,45	39,151
746,77	41,182
747,08	39,097
747,39	42,037
747,71	41,132
748,02	40,485
748,33	39,503
748,64	41,168
748,96	38,186
749,27	38,093
749,58	38,056
749,90	41,377
750,21	39,987
750,52	39,630
750,83	38,856
751,14	40,293
751,46	39,627
751,77	40,656
752,08	38,747
752,39	39,190
752,71	37,851
753,02	38,186
753,33	41,164
753,64	38,962
753,95	38,759
754,27	40,000
754,58	38,881
754,89	37,526
755,20	39,650
755,51	40,304
755,82	39,655
756,14	38,350
756,45	38,477
756,76	38,599
757,07	38,386
757,38	39,485
757,69	39,148
758,00	40,604
758,31	37,517
758,63	38,760
758,94	40,868
759,25	41,167
759,56	38,671
759,87	40,701
760,18	40,133
760,49	39,262
760,80	41,362
761,11	38,997
761,42	40,258
761,73	38,964
762,04	38,270
762,35	39,217
762,66	38,161
762,97	38,135
763,28	37,264
763,60	40,108
763,91	40,494
764,22	40,204
764,53	40,586
764,84	38,417
765,15	39,115
765,46	39,937
765,77	38,403
766,08	39,376
766,38	39,331
766,69	38,980
767,00	38,645
767,31	39,214
767,62	40,208
767,93	40,356
768,24	39,719
768,55	41,912
768,86	40,535
769,17	39,986
769,48	40,843
769,79	40,105
770,10	38,571
770,41	39,853
770,72	39,937
771,02	40,262
771,33	39,236
771,64	38,184
771,95	39,393
772,26	38,734
772,57	37,502
772,88	37,712
773,19	38,517
773,49	37,897
773,80	39,087
774,11	39,694
774,42	42,890
774,73	38,271
775,04	37,603
775,34	38,588
775,65	37,789
775,96	37,849
776,27	41,080
776,58	37,115
776,89	37,434
777,19	40,662
777,50	38,857
777,81	38,579
778,12	39,333
778,42	40,020
778,73	39,701
779,04	40,950
779,35	39,309
779,65	40,711
779,96	37,680
780,27	37,161
780,58	36,362
780,88	37,089
781,19	35,096
781,50	38,584
781,81	37,860
782,11	40,759
782,42	37,747
782,73	37,936
783,03	37,607
783,34	37,710
783,65	38,985
783,95	39,338
784,26	38,078
784,57	38,737
784,87	38,614
785,18	35,647
785,49	39,916
785,79	38,135
786,10	35,872
786,41	36,086
786,71	35,995
787,02	38,255
787,32	35,698
787,63	39,912
787,94	39,042
788,24	38,727
788,55	35,606
788,85	40,070
789,16	38,926
789,47	37,485
789,77	39,021
790,08	34,170
790,38	36,474
790,69	36,770
790,99	38,267
791,30	34,466
791,60	37,707
791,91	33,599
792,21	35,757
792,52	39,271
792,83	36,948
793,13	39,279
793,44	37,579
793,74	36,049
794,05	38,418
794,35	32,878
794,65	38,018
794,96	38,030
795,26	38,528
795,57	38,499
795,87	41,108
796,18	38,719
796,48	36,658
796,79	39,216
797,09	36,566
797,40	36,053
797,70	36,769
798,00	38,622
798,31	36,796
798,61	37,845
798,92	36,361
799,22	34,295
799,53	36,781
799,83	37,642
800,13	38,913
800,44	36,630
800,74	34,988
801,04	37,482
801,35	36,136
801,65	36,958
801,95	35,492
802,26	36,389
802,56	34,912
802,87	37,648
803,17	36,017
803,47	35,661
803,77	40,380
804,08	35,968
804,38	33,739
804,68	40,230
804,99	37,112
805,29	37,586
805,59	37,822
805,90	38,953
806,20	36,565
806,50	33,510
806,80	39,823
807,11	34,647
807,41	32,480
807,71	34,475
808,01	35,601
808,32	36,995
808,62	35,152
808,92	32,403
809,22	36,731
809,53	35,240
809,83	39,313
810,13	38,110
810,43	41,205
810,73	31,847
811,04	34,783
811,34	36,156
811,64	36,303
811,94	37,078
812,24	38,238
812,54	35,844
812,85	37,509
813,15	36,086
813,45	34,636
813,75	34,409
814,05	34,902
814,35	36,193
814,65	34,707
814,96	38,600
815,26	37,068
815,56	35,292
815,86	32,417
816,16	35,520
816,46	36,633
816,76	32,582
817,06	37,864
817,36	35,019
817,66	31,230
817,96	35,050
818,26	38,903
818,57	35,444
818,87	35,044
819,17	31,115
819,47	32,687
819,77	34,554
820,07	38,179
820,37	36,120
820,67	37,175
820,97	33,840
821,27	35,386
821,57	34,289
821,87	32,887
822,17	33,653
822,47	33,094
822,77	35,717
823,07	38,755
823,37	36,589
823,67	39,385
823,97	35,018
824,26	34,316
824,56	39,420
824,86	35,085
825,16	33,389
825,46	33,429
825,76	36,438
826,06	37,138
826,36	34,198
826,66	36,692
826,96	32,648
827,26	34,736
827,56	35,475
827,85	35,905
828,15	36,345
828,45	37,879
828,75	32,232
829,05	40,339
829,35	36,200
829,65	31,049
829,94	32,988
830,24	33,769
830,54	30,718
830,84	34,244
831,14	28,719
831,44	32,542
831,73	32,629
832,03	37,693
832,33	35,639
832,63	30,946
832,93	38,790
833,22	31,625
833,52	30,146
833,82	33,406
834,12	46,177
834,41	38,555
834,71	35,167
835,01	36,619
835,31	38,429
835,60	37,277
835,90	33,077
836,20	35,474
836,49	33,829
836,79	32,094
837,09	31,699
837,39	32,353
837,68	39,826
837,98	38,977
838,28	38,274
838,57	40,303
838,87	40,803
839,17	34,078
839,46	33,908
839,76	33,395
840,06	31,697
840,35	32,460
840,65	31,369
840,95	32,045
841,24	32,127
841,54	30,580
841,83	34,546
842,13	40,200
842,43	31,970
842,72	29,764
843,02	34,240
843,31	31,539
843,61	32,530
843,91	24,791
844,20	30,262
844,50	30,955
844,79	37,812
845,09	37,787
845,38	32,685
845,68	32,783
845,98	29,138
846,27	31,485
846,57	31,961
846,86	35,135
847,16	33,135
847,45	31,715
847,75	38,135
848,04	36,420
848,34	32,407
848,63	38,895
848,93	30,543
849,22	32,504
849,52	34,485
849,81	37,755
850,10	28,731
850,40	33,769
850,69	32,887
850,99	33,511
851,28	37,696
851,58	33,678
851,87	32,881
852,16	33,969
852,46	36,153
852,75	33,247
853,05	29,721
853,34	34,061
853,63	32,833
853,93	35,769
854,22	32,749
854,52	31,132
854,81	33,918
855,10	35,608
855,40	33,496
855,69	34,045
855,98	36,188
856,28	32,049
856,57	33,494
856,86	31,838
857,16	31,895
857,45	35,910
857,74	29,392
858,04	35,984
858,33	29,806
858,62	34,634
858,92	30,470
859,21	36,901
859,50	31,024
859,79	37,229
860,09	25,269
860,38	32,447
860,67	30,128
860,96	29,087
861,26	29,330
861,55	30,194
861,84	32,949
862,13	29,298
862,43	33,108
862,72	34,310
863,01	31,242
863,30	38,313
863,59	27,359
863,89	31,118
864,18	27,892
864,47	27,523
864,76	37,092
865,05	36,630
865,34	32,491
865,64	35,012
865,93	30,025
866,22	33,100
866,51	30,468
866,80	28,995
867,09	30,794
867,38	29,207
867,67	34,403
867,97	30,147
868,26	37,046
868,55	28,902
868,84	30,840
869,13	32,312
869,42	25,856
869,71	35,824
870,00	34,914
870,29	32,494
870,58	34,671
870,87	28,968
871,16	34,529
871,45	33,420
871,74	35,260
872,04	36,441
872,33	28,629
872,62	31,262
872,91	30,405
873,20	27,684
873,49	28,320
873,78	28,320
874,07	28,320
