180,12	-930,769
180,49	-930,769
180,87	-930,769
181,25	95,789
181,63	235,821
182,01	-232,653
182,38	1,020
182,76	-766,667
183,14	185,714
183,52	229,412
183,89	107,071
184,27	225,773
184,65	-92,647
185,03	47,619
185,40	-23,810
185,78	209,524
186,16	-26,619
186,54	35,795
186,91	292,857
187,29	213,000
187,67	125,000
188,05	-613,333
188,42	-24499208138942000,000
188,80	207,273
189,18	-90,244
189,56	-96,089
189,93	-150,000
190,31	30,000
190,69	-114,557
191,06	-98,473
191,44	16,749
191,82	-59,701
192,20	-24,280
192,57	0,508
192,95	-41,844
193,33	-67,407
193,70	-45,098
194,08	-60,606
194,46	-34,978
194,83	-38,095
195,21	25,464
195,59	6,154
195,96	-40,942
196,34	65,000
196,72	-123,529
197,09	37,456
197,47	-3,191
197,85	-63,128
198,22	-45,570
198,60	-70,690
198,98	-34,756
199,35	-72,414
199,73	-100,000
200,11	-39,583
200,48	-190,991
200,86	-76,000
201,24	11,000
201,61	-28,070
201,99	-5,970
202,37	8,019
202,74	-0,641
203,12	-23,810
203,49	-123,529
203,87	-55,056
204,25	-30,233
204,62	-88,525
205,00	-200,000
205,37	-44,348
205,75	-6,322
206,13	23,034
206,50	-98,214
206,88	-178,788
207,25	-74,638
207,63	-74,167
208,01	-84,066
208,38	5,820
208,76	-183,908
209,13	-183,562
209,51	-91,603
209,88	-88,889
210,26	-16,183
210,64	0,000
211,01	-18,421
211,39	-15,385
211,76	13,136
212,14	3,051
212,51	-5,102
212,89	-138,793
213,26	-27,273
213,64	-20,940
214,02	-145,600
214,39	-32,370
214,77	-21,311
215,14	-3,647
215,52	-37,688
215,89	-22,981
216,27	-15,447
216,64	-12,195
217,02	12,366
217,39	-4,364
217,77	6,098
218,14	-23,830
218,52	-35,862
218,89	-21,053
219,27	-11,198
219,64	-28,481
220,02	-14,815
220,39	-29,286
220,77	7,784
221,14	0,610
221,52	-12,694
221,89	-42,746
222,27	-16,038
222,64	-18,703
223,02	-33,598
223,39	-32,749
223,77	-13,445
224,14	-34,722
224,51	-7,709
224,89	-14,615
225,26	-18,391
225,64	-37,868
226,01	5,556
226,39	-17,036
226,76	-8,550
227,14	4,524
227,51	-14,309
227,88	-24,860
228,26	-2,043
228,63	-2,389
229,01	-7,090
229,38	11,242
229,75	-4,030
230,13	-1,699
230,50	10,710
230,88	0,784
231,25	-4,357
231,63	-4,571
232,00	9,421
232,37	4,029
232,75	-2,209
233,12	-5,692
233,49	-5,082
233,87	-18,700
234,24	6,278
234,62	-1,582
234,99	-2,328
235,36	5,512
235,74	12,372
236,11	5,012
236,48	-7,174
236,86	-2,834
237,23	-3,682
237,60	7,328
237,98	1,220
238,35	-8,506
238,73	-2,482
239,10	0,700
239,47	3,791
239,85	4,380
240,22	-1,028
240,59	10,196
240,96	5,859
241,34	2,382
241,71	3,311
242,08	3,753
242,46	0,317
242,83	5,162
243,20	1,151
243,58	4,995
243,95	1,112
244,32	1,183
244,70	2,588
245,07	4,108
245,44	5,549
245,81	0,848
246,19	2,810
246,56	1,315
246,93	4,681
247,31	5,865
247,68	-0,685
248,05	-0,962
248,42	1,354
248,80	1,754
249,17	5,919
249,54	2,657
249,91	3,835
250,29	2,527
250,66	1,738
251,03	-1,192
251,40	5,127
251,78	4,668
252,15	0,446
252,52	1,118
252,89	2,548
253,26	5,028
253,64	2,653
254,01	3,538
254,38	3,198
254,75	3,385
255,12	3,692
255,50	3,406
255,87	4,849
256,24	0,792
256,61	4,837
256,98	2,654
257,36	3,573
257,73	3,474
258,10	1,193
258,47	4,331
258,84	2,338
259,22	2,958
259,59	4,193
259,96	2,467
260,33	4,681
260,70	2,749
261,07	3,728
261,45	4,322
261,82	3,485
262,19	5,902
262,56	3,225
262,93	2,281
263,30	0,613
263,67	4,522
264,04	3,053
264,42	4,254
264,79	2,834
265,16	1,158
265,53	3,613
265,90	2,468
266,27	3,152
266,64	1,861
267,01	4,481
267,39	1,728
267,76	3,042
268,13	1,299
268,50	3,407
268,87	3,955
269,24	3,638
269,61	2,978
269,98	3,787
270,35	1,395
270,72	1,715
271,09	3,500
271,46	3,742
271,84	2,314
272,21	3,891
272,58	4,142
272,95	2,699
273,32	1,595
273,69	1,559
274,06	1,747
274,43	2,416
274,80	3,059
275,17	3,240
275,54	1,651
275,91	1,671
276,28	3,732
276,65	2,833
277,02	3,093
277,39	1,810
277,76	3,330
278,13	5,375
278,50	3,628
278,87	2,030
279,24	2,680
279,61	3,136
279,98	2,258
280,35	2,813
280,72	2,382
281,09	2,829
281,46	4,050
281,83	3,236
282,20	2,525
282,57	2,508
282,94	4,858
283,31	3,866
283,68	3,928
284,05	1,909
284,42	2,271
284,79	1,001
285,16	2,597
285,53	4,254
285,90	0,996
286,27	1,577
286,64	1,929
287,00	2,609
287,37	2,733
287,74	3,364
288,11	3,478
288,48	0,939
288,85	2,704
289,22	2,966
289,59	3,698
289,96	3,160
290,33	3,505
290,70	3,699
291,07	2,418
291,43	3,748
291,80	3,499
292,17	2,390
292,54	2,651
292,91	3,295
293,28	2,775
293,65	2,825
294,02	2,206
294,38	3,169
294,75	3,337
295,12	4,405
295,49	2,298
295,86	2,834
296,23	2,963
296,60	3,000
296,96	1,935
297,33	3,133
297,70	2,346
298,07	2,035
298,44	3,951
298,81	3,089
299,17	2,678
299,54	2,244
299,91	3,000
300,28	2,982
300,65	2,938
301,02	2,796
301,38	2,794
301,75	2,879
302,12	2,706
302,49	3,011
302,86	1,645
303,22	1,560
303,59	2,903
303,96	2,638
304,33	3,035
304,69	3,486
305,06	2,711
305,43	3,070
305,80	3,566
306,17	2,018
306,53	2,998
306,90	2,518
307,27	3,227
307,64	3,119
308,00	1,744
308,37	1,228
308,74	1,801
309,11	2,790
309,47	2,931
309,84	2,222
310,21	2,711
310,57	2,705
310,94	2,732
311,31	3,243
311,68	2,999
312,04	1,967
312,41	2,537
312,78	2,333
313,14	2,445
313,51	2,416
313,88	2,487
314,25	1,849
314,61	2,762
314,98	2,731
315,35	1,802
315,71	1,870
316,08	2,132
316,45	2,452
316,81	2,870
317,18	2,878
317,55	2,836
317,91	2,594
318,28	2,863
318,65	2,459
319,01	2,054
319,38	2,640
319,75	2,396
320,11	2,315
320,48	2,972
320,84	2,591
321,21	2,041
321,58	2,646
321,94	2,346
322,31	1,995
322,68	2,707
323,04	2,156
323,41	2,971
323,77	2,475
324,14	2,324
324,51	2,885
324,87	2,016
325,24	1,986
325,60	2,783
325,97	2,635
326,33	2,308
326,70	2,654
327,07	2,566
327,43	2,684
327,80	2,095
328,16	2,572
328,53	2,433
328,89	1,937
329,26	2,253
329,63	2,580
329,99	2,374
330,36	2,120
330,72	2,546
331,09	2,531
331,45	2,444
331,82	2,579
332,18	2,948
332,55	2,325
332,91	2,464
333,28	2,345
333,64	2,779
334,01	2,014
334,37	2,688
334,74	2,764
335,10	2,592
335,47	2,774
335,83	2,303
336,20	2,532
336,56	2,646
336,93	2,484
337,29	2,385
337,66	2,310
338,02	2,840
338,39	2,392
338,75	2,504
339,12	2,267
339,48	2,460
339,85	2,343
340,21	2,530
340,57	2,159
340,94	2,660
341,30	2,318
341,67	2,549
342,03	2,132
342,40	2,218
342,76	2,286
343,13	2,582
343,49	2,612
343,85	1,944
344,22	2,205
344,58	2,558
344,95	2,259
345,31	2,425
345,67	2,585
346,04	2,407
346,40	2,480
346,77	2,049
347,13	2,143
347,49	2,605
347,86	2,270
348,22	2,571
348,58	2,028
348,95	1,958
349,31	2,439
349,68	2,347
350,04	2,511
350,40	2,334
350,77	2,082
351,13	2,335
351,49	2,181
351,86	2,402
352,22	2,345
352,58	1,748
352,95	2,264
353,31	2,496
353,67	2,221
354,04	1,969
354,40	2,265
354,76	1,953
355,13	2,645
355,49	1,973
355,85	2,197
356,21	1,938
356,58	2,332
356,94	2,560
357,30	2,063
357,67	2,092
358,03	2,362
358,39	2,531
358,75	2,137
359,12	2,689
359,48	2,336
359,84	2,569
360,21	2,332
360,57	1,988
360,93	2,369
361,29	2,071
361,66	2,186
362,02	2,671
362,38	2,373
362,74	2,141
363,10	2,210
363,47	2,173
363,83	2,373
364,19	2,096
364,55	2,071
364,92	2,263
365,28	2,296
365,64	2,243
366,00	1,945
366,36	2,122
366,73	2,446
367,09	2,247
367,45	2,268
367,81	2,310
368,17	2,550
368,54	2,450
368,90	1,849
369,26	1,980
369,62	2,177
369,98	2,144
370,34	2,264
370,71	1,910
371,07	2,086
371,43	1,919
371,79	2,167
372,15	2,146
372,51	2,234
372,87	2,195
373,24	2,454
373,60	2,005
373,96	2,196
374,32	2,096
374,68	2,148
375,04	2,065
375,40	1,926
375,76	2,087
376,12	1,986
376,49	2,042
376,85	2,529
377,21	1,992
377,57	1,973
377,93	2,237
378,29	2,226
378,65	2,311
379,01	1,541
379,37	2,236
379,73	2,088
380,09	2,185
380,45	2,144
380,81	2,307
381,18	2,263
381,54	2,095
381,90	2,023
382,26	2,234
382,62	2,108
382,98	2,381
383,34	2,427
383,70	2,101
384,06	2,400
384,42	2,485
384,78	2,159
385,14	1,951
385,50	2,213
385,86	2,340
386,22	1,833
386,58	2,432
386,94	2,201
387,30	2,341
387,66	2,134
388,02	2,263
388,38	2,278
388,74	2,145
389,10	2,392
389,46	2,039
389,82	2,616
390,18	2,157
390,54	2,265
390,90	2,301
391,26	2,332
391,62	2,318
391,97	2,527
392,33	2,597
392,69	2,475
393,05	2,166
393,41	2,481
393,77	2,731
394,13	2,418
394,49	2,598
394,85	2,653
395,21	2,699
395,57	2,349
395,93	2,619
396,29	2,540
396,64	2,757
397,00	2,483
397,36	2,455
397,72	2,652
398,08	2,630
398,44	3,155
398,80	2,990
399,16	3,562
399,51	2,819
399,87	3,310
400,23	3,190
400,59	2,779
400,95	3,069
401,31	3,440
401,67	3,677
402,02	3,751
402,38	3,890
402,74	3,610
403,10	3,652
403,46	3,665
403,82	3,593
404,17	3,845
404,53	4,171
404,89	4,015
405,25	4,372
405,61	4,239
405,96	4,543
406,32	4,582
406,68	4,676
407,04	5,221
407,40	5,051
407,75	5,030
408,11	5,823
408,47	5,862
408,83	5,955
409,19	5,918
409,54	6,016
409,90	6,500
410,26	6,729
410,62	6,694
410,97	7,215
411,33	7,331
411,69	7,489
412,05	7,819
412,40	8,032
412,76	8,523
413,12	8,360
413,47	9,133
413,83	9,149
414,19	9,591
414,55	9,618
414,90	9,899
415,26	10,419
415,62	10,460
415,97	10,884
416,33	10,971
416,69	11,366
417,04	11,989
417,40	11,970
417,76	12,362
418,12	13,206
418,47	13,288
418,83	13,686
419,19	13,876
419,54	14,549
419,90	14,742
420,25	15,145
420,61	15,249
420,97	15,888
421,32	16,208
421,68	16,794
422,04	17,158
422,39	17,226
422,75	17,794
423,11	17,566
423,46	18,196
423,82	19,210
424,17	18,911
424,53	19,226
424,89	19,784
425,24	19,856
425,60	20,290
425,95	21,028
426,31	21,555
426,67	21,840
427,02	21,681
427,38	22,263
427,73	23,170
428,09	23,614
428,44	23,245
428,80	23,762
429,16	23,979
429,51	23,928
429,87	24,573
430,22	24,866
430,58	25,468
430,93	25,466
431,29	26,098
431,64	26,961
432,00	26,632
432,35	26,983
432,71	27,332
433,06	27,666
433,42	27,990
433,77	27,868
434,13	28,529
434,48	27,800
434,84	28,573
435,19	29,971
435,55	29,316
435,90	29,618
436,26	29,526
436,61	29,758
436,97	30,653
437,32	29,908
437,68	30,599
438,03	31,565
438,39	30,746
438,74	30,584
439,10	31,115
439,45	31,247
439,81	31,484
440,16	31,110
440,51	32,846
440,87	31,717
441,22	33,055
441,58	33,618
441,93	33,068
442,29	33,208
442,64	34,209
442,99	32,700
443,35	33,810
443,70	34,094
444,06	34,311
444,41	33,435
444,76	35,141
445,12	34,994
445,47	34,110
445,82	36,129
446,18	36,358
446,53	36,041
446,89	35,454
447,24	35,608
447,59	37,224
447,95	37,392
448,30	36,835
448,65	36,229
449,01	37,107
449,36	37,631
449,71	38,090
450,07	38,367
450,42	37,675
450,77	38,474
451,13	37,536
451,48	38,230
451,83	38,170
452,19	38,090
452,54	39,715
452,89	38,655
453,25	39,855
453,60	39,469
453,95	39,960
454,30	38,822
454,66	39,682
455,01	40,273
455,36	40,549
455,71	40,893
456,07	41,906
456,42	38,569
456,77	42,599
457,13	41,725
457,48	41,437
457,83	41,693
458,18	42,104
458,53	43,037
458,89	41,454
459,24	41,568
459,59	43,119
459,94	43,490
460,30	42,863
460,65	42,158
461,00	42,306
461,35	41,386
461,70	42,404
462,06	43,020
462,41	41,924
462,76	43,348
463,11	44,023
463,46	42,903
463,82	43,827
464,17	43,546
464,52	43,280
464,87	43,520
465,22	45,122
465,57	43,277
465,93	45,143
466,28	43,875
466,63	44,266
466,98	44,036
467,33	44,805
467,68	44,509
468,03	44,860
468,39	43,713
468,74	44,554
469,09	45,367
469,44	45,136
469,79	44,901
470,14	44,906
470,49	45,619
470,84	44,237
471,19	44,534
471,55	44,194
471,90	45,175
472,25	44,137
472,60	44,844
472,95	43,272
473,30	43,982
473,65	44,203
474,00	43,555
474,35	44,039
474,70	45,056
475,05	43,830
475,40	43,741
475,75	42,973
476,10	44,320
476,45	45,099
476,80	43,133
477,15	44,157
477,50	43,879
477,85	43,822
478,21	43,231
478,56	42,549
478,91	43,430
479,26	45,017
479,61	43,384
479,96	42,938
480,31	43,460
480,66	43,748
481,00	42,538
481,35	43,047
481,70	44,125
482,05	44,221
482,40	43,423
482,75	43,601
483,10	42,344
483,45	42,851
483,80	43,892
484,15	44,249
484,50	43,730
484,85	43,739
485,20	45,043
485,55	44,392
485,90	43,682
486,25	43,808
486,60	44,426
486,95	45,001
487,30	42,971
487,64	45,403
487,99	43,662
488,34	43,969
488,69	44,090
489,04	44,757
489,39	44,627
489,74	44,295
490,09	45,137
490,44	44,518
490,78	44,534
491,13	45,536
491,48	45,738
491,83	45,490
492,18	45,908
492,53	45,347
492,88	47,325
493,22	46,277
493,57	46,170
493,92	46,948
494,27	46,869
494,62	47,361
494,97	47,076
495,31	47,126
495,66	48,843
496,01	47,485
496,36	47,986
496,71	49,921
497,05	49,101
497,40	47,285
497,75	49,210
498,10	50,818
498,45	48,934
498,79	49,402
499,14	50,283
499,49	48,914
499,84	50,106
500,18	49,292
500,53	48,810
500,88	49,692
501,23	49,593
501,57	50,530
501,92	48,936
502,27	49,806
502,62	52,365
502,96	51,112
503,31	51,716
503,66	53,000
504,00	54,491
504,35	53,855
504,70	55,433
505,05	54,152
505,39	52,730
505,74	54,052
506,09	54,816
506,43	54,610
506,78	53,628
507,13	54,779
507,47	55,674
507,82	55,851
508,17	56,030
508,51	55,407
508,86	56,433
509,21	56,558
509,55	56,919
509,90	57,069
510,25	57,839
510,59	56,131
510,94	56,533
511,29	56,696
511,63	58,092
511,98	58,377
512,32	57,923
512,67	56,928
513,02	58,377
513,36	56,543
513,71	58,155
514,05	57,645
514,40	59,173
514,75	57,567
515,09	59,891
515,44	57,462
515,78	58,159
516,13	59,509
516,48	58,982
516,82	58,735
517,17	58,892
517,51	60,841
517,86	59,663
518,20	59,122
518,55	58,900
518,89	58,992
519,24	58,846
519,58	60,493
519,93	61,441
520,27	59,570
520,62	60,010
520,96	58,163
521,31	62,322
521,66	61,661
522,00	60,460
522,35	59,699
522,69	61,915
523,03	60,468
523,38	58,193
523,72	58,024
524,07	61,012
524,41	63,899
524,76	60,174
525,10	61,659
525,45	61,834
525,79	59,791
526,14	63,360
526,48	61,266
526,83	63,593
527,17	62,548
527,51	63,487
527,86	63,416
528,20	62,441
528,55	60,385
528,89	61,978
529,24	63,244
529,58	63,168
529,92	64,084
530,27	62,145
530,61	61,010
530,96	63,358
531,30	62,644
531,64	62,300
531,99	61,711
532,33	62,192
532,67	64,606
533,02	61,320
533,36	62,738
533,71	62,978
534,05	62,717
534,39	63,487
534,74	62,573
535,08	61,756
535,42	63,255
535,77	59,954
536,11	61,839
536,45	63,676
536,80	62,225
537,14	61,598
537,48	62,548
537,82	62,109
538,17	60,206
538,51	62,877
538,85	63,063
539,20	62,096
539,54	61,187
539,88	62,590
540,22	62,554
540,57	61,312
540,91	61,524
541,25	62,022
541,60	63,361
541,94	61,572
542,28	62,505
542,62	63,858
542,97	63,685
543,31	60,501
543,65	63,997
543,99	61,898
544,33	61,344
544,68	62,272
545,02	62,048
545,36	63,420
545,70	62,644
546,05	63,422
546,39	63,402
546,73	61,858
547,07	63,674
547,41	62,745
547,75	63,524
548,10	65,730
548,44	62,911
548,78	64,570
549,12	63,123
549,46	64,173
549,80	61,833
550,15	64,705
550,49	63,843
550,83	62,289
551,17	64,720
551,51	60,835
551,85	63,615
552,19	64,254
552,54	64,640
552,88	60,813
553,22	63,457
553,56	63,192
553,90	62,798
554,24	63,113
554,58	63,274
554,92	64,903
555,26	61,775
555,60	62,783
555,95	62,513
556,29	64,043
556,63	61,451
556,97	63,119
557,31	61,711
557,65	63,426
557,99	62,292
558,33	63,636
558,67	62,981
559,01	62,549
559,35	63,815
559,69	64,545
560,03	63,239
560,37	63,840
560,71	64,051
561,05	64,542
561,39	64,922
561,73	63,020
562,07	64,531
562,41	64,845
562,75	64,613
563,09	63,143
563,43	64,489
563,77	64,885
564,11	63,723
564,45	63,990
564,79	64,218
565,13	64,867
565,47	65,615
565,81	64,651
566,15	66,681
566,49	65,306
566,83	65,753
567,17	64,827
567,51	65,493
567,85	64,606
568,19	64,651
568,52	64,467
568,86	64,600
569,20	66,639
569,54	65,588
569,88	63,785
570,22	65,514
570,56	64,575
570,90	64,399
571,24	64,771
571,57	65,385
571,91	65,466
572,25	62,947
572,59	65,163
572,93	64,831
573,27	64,829
573,61	64,822
573,95	64,414
574,28	64,702
574,62	65,049
574,96	64,481
575,30	65,199
575,64	65,812
575,97	66,626
576,31	64,669
576,65	66,538
576,99	66,472
577,33	64,929
577,67	66,242
578,00	66,856
578,34	67,606
578,68	66,324
579,02	68,282
579,35	65,673
579,69	66,355
580,03	66,673
580,37	66,756
580,71	67,285
581,04	66,316
581,38	66,948
581,72	67,921
582,06	68,217
582,39	66,000
582,73	65,653
583,07	67,140
583,40	65,911
583,74	66,567
584,08	65,986
584,42	66,872
584,75	67,377
585,09	66,663
585,43	66,301
585,76	67,480
586,10	66,850
586,44	68,283
586,77	67,879
587,11	67,959
587,45	67,669
587,78	68,312
588,12	67,418
588,46	67,720
588,79	66,815
589,13	68,461
589,47	66,318
589,80	66,510
590,14	67,353
590,48	68,210
590,81	68,353
591,15	67,579
591,48	69,754
591,82	68,681
592,16	68,010
592,49	68,321
592,83	68,430
593,16	68,979
593,50	67,937
593,84	69,278
594,17	67,174
594,51	68,718
594,84	66,979
595,18	67,010
595,51	67,447
595,85	67,819
596,19	67,736
596,52	70,273
596,86	68,550
597,19	66,765
597,53	67,231
597,86	68,832
598,20	68,502
598,53	68,272
598,87	67,244
599,20	68,141
599,54	69,213
599,87	67,201
600,21	69,401
600,54	68,718
600,88	69,493
601,21	67,491
601,55	68,528
601,88	69,517
602,22	68,824
602,55	67,664
602,89	67,524
603,22	67,597
603,56	68,588
603,89	67,602
604,23	68,516
604,56	67,721
604,89	67,845
605,23	67,874
605,56	67,749
605,90	69,676
606,23	67,586
606,56	67,760
606,90	69,619
607,23	67,905
607,57	67,617
607,90	67,437
608,23	68,041
608,57	69,101
608,90	68,948
609,24	66,066
609,57	68,949
609,90	66,423
610,24	68,013
610,57	68,882
610,90	68,515
611,24	67,545
611,57	67,921
611,90	68,627
612,24	67,926
612,57	68,918
612,90	66,886
613,24	66,938
613,57	68,011
613,90	68,556
614,24	66,991
614,57	66,370
614,90	68,763
615,24	69,089
615,57	66,880
615,90	66,945
616,23	66,357
616,57	67,152
616,90	66,106
617,23	65,064
617,57	67,065
617,90	65,725
618,23	65,892
618,56	68,134
618,90	66,167
619,23	65,330
619,56	67,117
619,89	67,063
620,22	66,472
620,56	66,580
620,89	67,364
621,22	67,044
621,55	65,388
621,89	66,609
622,22	66,831
622,55	66,003
622,88	67,819
623,21	66,242
623,54	66,917
623,88	66,483
624,21	67,934
624,54	66,749
624,87	66,953
625,20	67,211
625,53	66,629
625,87	66,057
626,20	66,490
626,53	65,787
626,86	66,227
627,19	63,953
627,52	67,778
627,85	66,394
628,18	65,819
628,52	65,732
628,85	65,668
629,18	66,128
629,51	66,819
629,84	68,742
630,17	66,775
630,50	66,349
630,83	66,066
631,16	66,139
631,49	67,489
631,82	66,559
632,15	66,384
632,49	65,991
632,82	65,566
633,15	67,185
633,48	67,625
633,81	64,949
634,14	66,871
634,47	66,496
634,80	66,529
635,13	66,693
635,46	66,757
635,79	65,595
636,12	67,033
636,45	67,573
636,78	66,528
637,11	66,588
637,44	65,880
637,77	64,934
638,10	66,268
638,43	66,048
638,76	66,329
639,09	66,173
639,42	66,934
639,75	65,959
640,07	65,293
640,40	66,819
640,73	67,944
641,06	66,941
641,39	66,093
641,72	66,581
642,05	66,261
642,38	64,795
642,71	64,995
643,04	65,134
643,37	65,306
643,70	65,819
644,02	65,207
644,35	64,662
644,68	65,717
645,01	64,860
645,34	65,450
645,67	66,184
646,00	65,899
646,33	66,386
646,65	64,829
646,98	65,022
647,31	64,029
647,64	65,416
647,97	64,349
648,30	64,629
648,62	64,137
648,95	63,186
649,28	64,898
649,61	65,294
649,94	63,168
650,26	65,219
650,59	63,832
650,92	62,765
651,25	62,011
651,58	63,068
651,90	62,025
652,23	62,998
652,56	63,885
652,89	64,144
653,21	64,731
653,54	62,224
653,87	62,472
654,20	63,123
654,52	63,101
654,85	61,269
655,18	63,123
655,51	62,336
655,83	62,507
656,16	62,882
656,49	63,048
656,81	62,186
657,14	61,571
657,47	62,495
657,80	62,281
658,12	61,340
658,45	60,011
658,78	60,743
659,10	59,526
659,43	60,636
659,76	60,391
660,08	58,911
660,41	59,678
660,74	60,053
661,06	59,284
661,39	57,847
661,71	58,868
662,04	59,549
662,37	58,396
662,69	59,156
663,02	58,328
663,35	56,332
663,67	57,706
664,00	58,675
664,32	57,131
664,65	57,636
664,97	56,292
665,30	56,862
665,63	56,921
665,95	56,705
666,28	55,772
666,60	55,853
666,93	55,885
667,25	55,225
667,58	55,416
667,91	55,613
668,23	56,238
668,56	54,388
668,88	54,137
669,21	54,622
669,53	52,933
669,86	53,774
670,18	53,854
670,51	53,739
670,83	54,650
671,16	53,912
671,48	52,760
671,81	52,742
672,13	52,695
672,46	54,161
672,78	53,135
673,11	53,509
673,43	53,212
673,75	53,005
674,08	52,231
674,40	52,306
674,73	51,867
675,05	51,980
675,38	52,141
675,70	52,338
676,02	51,964
676,35	52,927
676,67	51,370
677,00	51,473
677,32	51,589
677,65	52,154
677,97	52,291
678,29	53,430
678,62	52,580
678,94	51,689
679,26	50,838
679,59	50,883
679,91	52,395
680,23	52,722
680,56	52,383
680,88	52,698
681,21	53,495
681,53	53,236
681,85	54,525
682,18	55,183
682,50	54,402
682,82	54,745
683,14	52,840
683,47	54,748
683,79	54,011
684,11	55,670
684,44	56,175
684,76	56,040
685,08	55,895
685,41	56,788
685,73	57,051
686,05	58,148
686,37	57,344
686,70	59,460
687,02	59,906
687,34	60,820
687,66	60,959
687,99	61,614
688,31	61,815
688,63	60,727
688,95	62,875
689,27	60,647
689,60	63,830
689,92	62,294
690,24	63,378
690,56	64,566
690,89	63,562
691,21	62,465
691,53	62,642
691,85	64,338
692,17	65,219
692,49	64,987
692,82	65,914
693,14	66,517
693,46	65,892
693,78	67,134
694,10	65,995
694,42	66,716
694,74	65,933
695,07	66,956
695,39	66,147
695,71	66,381
696,03	67,404
696,35	67,220
696,67	66,299
696,99	66,065
697,31	66,239
697,63	68,373
697,96	67,580
698,28	66,405
698,60	67,152
698,92	67,425
699,24	68,503
699,56	67,866
699,88	69,700
700,20	67,884
700,52	66,671
700,84	68,895
701,16	68,887
701,48	69,145
701,80	68,883
702,12	70,745
702,44	69,730
702,76	67,160
703,08	72,675
703,40	70,540
703,72	72,155
704,04	70,723
704,36	70,850
704,68	70,306
705,00	68,978
705,32	69,994
705,64	69,390
705,96	69,361
706,28	70,355
706,60	70,009
706,92	71,807
707,24	71,086
707,56	69,196
707,88	68,585
708,20	71,414
708,52	70,756
708,84	70,653
709,15	68,636
709,47	71,871
709,79	69,944
710,11	70,504
710,43	70,030
710,75	69,402
711,07	70,799
711,39	70,422
711,71	69,390
712,02	73,598
712,34	69,574
712,66	69,822
712,98	68,715
713,30	72,748
713,62	69,920
713,94	72,055
714,25	71,483
714,57	71,197
714,89	69,422
715,21	70,827
715,53	69,815
715,84	70,520
716,16	69,040
716,48	71,169
716,80	72,131
717,12	72,462
717,43	72,734
717,75	72,493
718,07	72,616
718,39	71,180
718,70	73,201
719,02	69,887
719,34	69,416
719,66	71,848
719,97	72,415
720,29	69,616
720,61	68,173
720,93	69,203
721,24	68,996
721,56	70,444
721,88	71,865
722,19	69,474
722,51	70,816
722,83	70,657
723,15	70,117
723,46	70,635
723,78	69,476
724,10	68,301
724,41	72,153
724,73	69,524
725,05	70,442
725,36	69,709
725,68	69,967
726,00	73,051
726,31	71,948
726,63	68,843
726,94	68,283
727,26	72,811
727,58	71,574
727,89	69,421
728,21	69,603
728,53	70,858
728,84	70,873
729,16	68,724
729,47	70,684
729,79	69,759
730,10	71,665
730,42	69,506
730,74	69,288
731,05	70,358
731,37	68,838
731,68	71,029
732,00	69,555
732,31	68,681
732,63	71,230
732,94	70,850
733,26	70,136
733,57	67,203
733,89	69,309
734,21	69,195
734,52	69,028
734,84	69,105
735,15	71,293
735,47	70,815
735,78	69,683
736,09	71,436
736,41	71,801
736,72	71,769
737,04	68,401
737,35	69,905
737,67	71,877
737,98	68,094
738,30	68,412
738,61	70,858
738,93	69,568
739,24	69,660
739,55	71,169
739,87	71,521
740,18	68,554
740,50	69,220
740,81	71,954
741,12	67,953
741,44	70,347
741,75	69,727
742,07	70,063
742,38	69,899
742,69	70,294
743,01	71,042
743,32	70,151
743,63	70,943
743,95	72,462
744,26	68,860
744,58	69,044
744,89	69,092
745,20	72,212
745,52	68,516
745,83	71,231
746,14	71,648
746,45	71,843
746,77	69,047
747,08	71,176
747,39	72,981
747,71	73,954
748,02	71,063
748,33	71,685
748,64	69,599
748,96	69,767
749,27	69,473
749,58	73,093
749,90	70,472
750,21	71,613
750,52	70,349
750,83	69,834
751,14	68,883
751,46	70,146
751,77	72,751
752,08	70,577
752,39	71,280
752,71	67,656
753,02	68,412
753,33	70,759
753,64	71,459
753,95	70,303
754,27	71,393
754,58	71,993
754,89	70,434
755,20	70,997
755,51	70,352
755,82	70,626
756,14	71,525
756,45	71,141
756,76	69,604
757,07	69,616
757,38	70,469
757,69	70,911
758,00	70,846
758,31	71,698
758,63	70,781
758,94	70,764
759,25	68,703
759,56	71,295
759,87	70,363
760,18	70,288
760,49	71,989
760,80	70,387
761,11	66,819
761,42	69,642
761,73	70,249
762,04	70,060
762,35	68,749
762,66	67,413
762,97	67,550
763,28	71,314
763,60	69,084
763,91	72,520
764,22	71,033
764,53	73,219
764,84	70,088
765,15	70,672
765,46	71,794
765,77	69,732
766,08	71,020
766,38	70,923
766,69	68,794
767,00	71,746
767,31	69,825
767,62	72,121
767,93	67,402
768,24	71,067
768,55	69,714
768,86	69,894
769,17	67,800
769,48	67,273
769,79	69,950
770,10	68,201
770,41	71,504
770,72	69,131
771,02	69,653
771,33	69,564
771,64	70,847
771,95	68,637
772,26	70,808
772,57	71,362
772,88	71,601
773,19	72,502
773,49	70,853
773,80	70,748
774,11	71,507
774,42	70,178
774,73	69,485
775,04	70,002
775,34	69,067
775,65	69,937
775,96	69,899
776,27	69,515
776,58	67,245
776,89	70,278
777,19	68,233
777,50	69,312
777,81	67,692
778,12	70,456
778,42	71,359
778,73	71,507
779,04	70,357
779,35	72,529
779,65	67,464
779,96	73,776
780,27	69,961
780,58	70,641
780,88	71,853
781,19	69,423
781,50	68,863
781,81	70,845
782,11	70,839
782,42	70,153
782,73	64,812
783,03	68,677
783,34	70,846
783,65	68,243
783,95	70,786
784,26	68,530
784,57	70,260
784,87	68,673
785,18	66,853
785,49	66,982
785,79	70,449
786,10	69,810
786,41	66,624
786,71	73,541
787,02	71,076
787,32	67,445
787,63	68,326
787,94	67,695
788,24	71,549
788,55	70,061
788,85	69,488
789,16	67,893
789,47	72,705
789,77	69,164
790,08	71,017
790,38	68,535
790,69	65,955
790,99	66,889
791,30	73,461
791,60	71,887
791,91	68,511
792,21	69,258
792,52	64,910
792,83	69,597
793,13	67,571
793,44	68,652
793,74	71,347
794,05	70,818
794,35	67,229
794,65	63,984
794,96	67,465
795,26	68,901
795,57	64,395
795,87	70,649
796,18	67,953
796,48	69,129
796,79	69,238
797,09	69,245
797,40	66,790
797,70	71,060
798,00	65,574
798,31	69,126
798,61	68,214
798,92	67,591
799,22	65,116
799,53	69,589
799,83	70,183
800,13	65,731
800,44	69,086
800,74	69,739
801,04	66,701
801,35	68,056
801,65	70,626
801,95	69,399
802,26	67,943
802,56	67,687
802,87	72,275
803,17	68,033
803,47	69,862
803,77	65,484
804,08	67,108
804,38	69,192
804,68	70,861
804,99	74,245
805,29	69,571
805,59	71,795
805,90	67,662
806,20	76,175
806,50	66,568
806,80	67,964
807,11	67,743
807,41	70,094
807,71	68,484
808,01	74,278
808,32	66,453
808,62	66,349
808,92	70,008
809,22	65,431
809,53	70,125
809,83	66,247
810,13	64,532
810,43	69,877
810,73	68,042
811,04	68,162
811,34	67,971
811,64	71,793
811,94	68,533
812,24	66,414
812,54	67,985
812,85	67,510
813,15	73,659
813,45	71,196
813,75	64,902
814,05	72,024
814,35	69,482
814,65	70,287
814,96	66,901
815,26	64,889
815,56	66,667
815,86	74,240
816,16	65,510
816,46	66,269
816,76	74,230
817,06	69,552
817,36	69,089
817,66	65,992
817,96	66,114
818,26	78,060
818,57	69,432
818,87	68,255
819,17	69,656
819,47	67,894
819,77	67,505
820,07	66,476
820,37	63,434
820,67	68,382
820,97	73,378
821,27	65,822
821,57	68,402
821,87	69,069
822,17	73,407
822,47	70,222
822,77	65,128
823,07	63,351
823,37	66,511
823,67	65,535
823,97	59,157
824,26	66,682
824,56	75,392
824,86	73,898
825,16	73,989
825,46	68,678
825,76	68,744
826,06	67,565
826,36	68,889
826,66	66,750
826,96	65,763
827,26	65,716
827,56	59,962
827,85	66,910
828,15	67,867
828,45	64,936
828,75	67,124
829,05	68,140
829,35	66,318
829,65	71,195
829,94	68,016
830,24	77,867
830,54	71,700
830,84	68,276
831,14	66,582
831,44	63,232
831,73	68,632
832,03	65,008
832,33	67,000
832,63	68,924
832,93	61,907
833,22	62,564
833,52	65,405
833,82	63,337
834,12	56,600
834,41	61,698
834,71	63,917
835,01	66,065
835,31	67,960
835,60	64,112
835,90	69,568
836,20	61,678
836,49	65,681
836,79	66,537
837,09	65,844
837,39	67,034
837,68	73,215
837,98	65,907
838,28	63,683
838,57	63,512
838,87	65,086
839,17	62,013
839,46	69,892
839,76	71,152
840,06	67,805
840,35	62,704
840,65	65,427
840,95	76,888
841,24	64,417
841,54	67,311
841,83	66,336
842,13	66,080
842,43	65,077
842,72	67,877
843,02	62,932
843,31	67,277
843,61	68,119
843,91	71,575
844,20	69,675
844,50	70,977
844,79	72,987
845,09	67,631
845,38	65,694
845,68	67,043
845,98	71,385
846,27	64,002
846,57	54,530
846,86	62,607
847,16	65,589
847,45	65,344
847,75	66,891
848,04	63,691
848,34	64,539
848,63	70,453
848,93	61,760
849,22	64,174
849,52	66,314
849,81	67,330
850,10	68,533
850,40	60,923
850,69	66,869
850,99	63,743
851,28	66,424
851,58	63,141
851,87	68,610
852,16	72,703
852,46	71,429
852,75	72,146
853,05	64,400
853,34	67,811
853,63	70,686
853,93	67,559
854,22	69,513
854,52	76,234
854,81	68,203
855,10	69,275
855,40	58,323
855,69	62,408
855,98	66,897
856,28	69,033
856,57	59,324
856,86	60,247
857,16	73,346
857,45	62,651
857,74	63,916
858,04	60,036
858,33	68,301
858,62	64,237
858,92	68,973
859,21	59,641
859,50	67,750
859,79	57,029
860,09	66,225
860,38	64,239
860,67	68,240
860,96	66,899
861,26	67,475
861,55	65,643
861,84	64,451
862,13	67,834
862,43	64,891
862,72	70,348
863,01	63,191
863,30	67,683
863,59	61,915
863,89	60,537
864,18	72,009
864,47	64,350
864,76	61,429
865,05	65,241
865,34	69,609
865,64	62,011
865,93	67,386
866,22	71,791
866,51	63,566
866,80	65,945
867,09	60,627
867,38	60,786
867,67	64,252
867,97	70,268
868,26	70,320
868,55	72,960
868,84	71,501
869,13	70,210
869,42	71,418
869,71	71,379
870,00	67,011
870,29	56,522
870,58	72,943
870,87	66,980
871,16	62,663
871,45	64,361
871,74	66,304
872,04	67,329
872,33	63,602
872,62	66,475
872,91	64,677
873,20	72,555
873,49	58,476
873,78	58,476
874,07	58,476
